26250
5000
33 1
82 7
23 16
68 1
18 9
80 13
67 14
36 11
52 3
29 6
79 20
30 7
82 12
24 2
41 19
27 14
69 1
66 6
56 3
77 10
47 7
49 4
33 10
33 14
41 20
51 8
56 16
44 9
92 14
35 19
90 6
52 16
10 17
12 12
81 16
12 18
98 1
38 14
61 9
25 2
19 9
52 11
28 8
78 8
92 11
76 20
88 8
34 13
44 7
34 9
31 19
41 7
63 10
22 13
15 17
17 19
25 1
58 6
16 9
72 5
64 11
19 14
50 15
55 7
44 18
99 4
71 15
26 18
78 4
96 19
23 8
71 13
36 6
99 4
35 7
80 10
31 15
99 13
70 4
22 20
53 13
82 5
24 10
63 20
28 10
91 20
53 16
70 4
27 19
88 5
24 8
18 4
53 19
78 4
16 15
88 11
89 4
22 3
90 19
99 14
34 18
11 17
77 5
23 5
97 12
71 12
89 3
99 6
92 14
94 11
99 19
91 2
58 16
76 10
87 2
63 20
23 11
52 11
39 16
17 3
12 2
61 8
93 2
90 12
49 6
64 11
48 15
65 4
86 13
12 15
21 6
43 6
34 4
49 6
87 2
93 8
39 11
28 19
96 6
16 10
14 7
74 15
55 20
91 5
21 10
100 15
68 14
43 14
39 10
74 1
13 7
54 7
28 2
84 4
11 3
46 16
61 18
11 4
18 3
46 19
17 7
78 3
21 10
62 10
52 3
70 18
100 16
49 11
53 17
54 16
82 4
20 14
35 3
76 13
50 3
75 8
29 7
75 1
35 16
32 5
33 16
66 12
42 16
32 20
64 13
33 18
79 13
94 2
79 5
70 11
63 11
10 4
44 8
75 7
93 6
29 6
15 13
53 4
83 20
91 2
22 9
73 19
53 16
49 4
32 4
58 8
79 15
53 6
63 19
43 13
48 15
13 5
51 15
55 12
61 15
86 19
42 13
49 5
85 9
72 19
14 1
54 2
88 2
97 14
66 8
49 2
39 2
15 3
96 11
52 17
80 8
99 2
50 7
96 3
82 16
53 5
10 9
98 19
56 12
40 17
28 8
25 20
71 10
46 11
76 9
28 18
68 11
48 20
76 8
85 9
23 9
38 10
32 4
67 3
11 20
52 8
37 4
86 16
11 15
79 4
59 1
78 12
96 8
16 10
16 14
86 9
63 6
66 4
89 2
40 20
16 2
86 17
79 2
72 1
78 2
19 18
54 3
62 8
94 12
78 3
86 15
88 3
62 5
16 2
17 9
25 20
32 11
68 12
56 5
63 7
71 2
54 20
98 19
68 2
83 1
39 12
81 2
64 14
64 15
38 12
61 4
68 9
45 14
62 20
55 12
60 9
42 14
74 20
15 6
25 6
92 7
20 12
74 12
44 2
84 2
13 8
14 6
48 18
12 8
41 7
88 4
10 15
41 2
25 1
96 7
34 17
39 18
19 12
84 16
21 13
23 8
29 14
93 17
67 2
28 12
50 14
51 14
70 8
44 17
23 17
49 14
100 14
63 16
45 4
15 8
69 12
75 1
23 10
81 17
88 4
100 3
39 14
94 18
84 7
57 5
82 5
42 9
95 9
42 8
33 6
42 3
54 2
50 7
61 16
81 3
93 4
93 20
25 14
66 20
60 1
47 4
52 3
64 2
62 11
47 5
11 16
65 11
63 20
16 6
56 17
68 7
23 2
41 16
69 3
30 2
95 19
11 5
99 6
34 15
17 5
92 9
72 13
82 13
67 16
88 7
62 8
27 5
58 12
60 14
21 7
78 8
61 3
70 18
88 20
80 10
14 14
32 3
55 13
10 6
73 19
69 9
66 1
35 6
58 5
28 6
85 18
59 10
22 2
59 2
73 2
25 3
65 20
52 15
36 5
13 3
32 12
18 6
31 1
87 6
30 15
49 15
30 5
56 17
90 8
68 14
61 14
50 7
79 7
42 1
40 11
32 12
33 17
60 10
97 13
49 6
59 7
99 10
29 19
70 15
18 13
86 6
37 1
55 15
19 8
12 15
83 15
42 15
59 8
45 14
14 8
59 1
79 17
72 13
19 1
49 12
72 10
41 3
47 12
19 2
24 12
83 7
87 17
19 7
64 13
54 17
47 1
44 15
91 19
73 11
74 11
57 6
83 7
41 17
24 12
43 15
43 10
41 1
65 7
26 14
85 3
73 2
83 1
61 5
93 20
58 12
47 15
47 8
56 16
91 14
25 3
55 20
47 8
86 7
87 1
89 11
91 8
72 13
16 8
81 9
13 11
63 7
28 6
65 4
88 14
94 17
94 7
77 9
98 15
71 7
29 7
78 6
30 13
46 10
13 2
79 8
92 3
79 3
10 16
86 2
36 17
67 9
25 8
33 4
63 13
49 4
58 9
47 14
67 19
48 2
85 20
73 5
51 6
76 20
75 7
17 9
82 11
63 3
93 2
39 16
76 6
99 14
84 17
68 12
25 19
92 7
13 13
37 6
64 6
54 5
91 18
48 11
55 20
91 20
10 14
86 6
86 9
43 20
47 10
22 7
91 15
100 17
16 20
29 14
44 18
39 8
63 3
73 13
70 20
88 1
40 8
11 20
90 7
19 16
61 13
61 4
100 3
43 20
39 10
10 15
27 17
33 19
65 10
15 2
43 18
66 16
98 5
88 5
70 15
57 8
60 15
29 11
99 15
64 7
68 7
51 12
99 12
14 3
15 9
23 12
94 8
85 8
77 17
74 4
32 6
90 9
10 3
15 7
77 3
36 13
74 11
37 16
96 12
68 5
50 11
56 3
19 16
34 20
60 12
42 6
62 9
84 1
32 3
49 2
51 9
25 13
66 2
32 17
65 1
41 19
79 17
56 20
77 16
59 6
41 4
53 15
49 6
17 12
48 18
14 10
73 8
24 8
18 1
77 7
75 2
55 1
97 6
57 15
64 4
13 20
14 1
74 9
14 11
13 18
27 1
89 13
23 1
82 7
88 4
44 9
18 16
90 15
21 12
55 9
25 2
20 5
49 12
61 15
13 13
65 17
84 12
33 2
44 11
92 6
50 8
52 17
13 4
45 17
77 9
33 2
12 7
66 19
87 4
45 6
47 2
94 2
26 17
25 10
27 3
32 11
45 1
93 8
18 8
23 20
34 4
61 3
26 15
53 7
14 19
35 13
43 14
73 8
73 4
67 1
54 15
25 4
72 20
84 19
73 3
46 19
59 12
15 15
93 16
47 20
15 2
81 8
59 13
43 13
88 19
76 15
73 2
35 7
47 17
93 16
34 12
72 15
86 6
11 10
60 12
42 4
10 16
77 2
20 17
79 8
34 6
25 4
20 11
46 20
55 17
38 8
46 11
26 14
84 16
27 1
37 11
75 12
92 11
35 18
83 11
90 15
14 1
82 19
16 12
64 5
37 8
23 16
83 10
83 8
35 13
94 13
75 14
92 18
47 1
22 8
57 11
63 18
81 9
39 17
79 9
29 17
85 5
36 15
11 9
60 8
90 18
25 3
19 15
69 17
10 6
73 10
65 3
56 9
70 12
98 15
89 6
29 12
55 13
68 5
50 8
84 17
73 19
25 19
12 15
87 7
51 17
45 4
26 15
12 7
66 8
34 12
60 3
63 15
82 1
99 1
27 18
75 16
21 1
87 3
26 18
50 8
20 8
13 5
22 20
100 18
12 8
74 17
33 11
41 19
68 14
38 9
13 9
93 12
58 14
97 19
42 18
39 4
88 19
80 12
21 1
24 16
64 11
54 4
56 13
15 19
95 13
56 15
91 15
28 10
58 6
31 1
30 17
37 6
86 7
72 6
57 2
46 20
37 16
36 12
19 7
42 6
38 14
50 5
30 19
22 6
93 17
22 9
27 13
74 9
82 17
38 11
21 12
45 1
18 18
95 6
51 13
87 2
11 18
29 1
14 9
70 13
54 14
56 13
26 13
38 12
70 8
64 20
43 3
79 10
97 20
77 17
48 16
51 5
32 4
62 15
97 20
38 18
40 1
51 4
85 10
55 2
85 16
33 5
19 19
85 15
52 10
78 16
82 20
92 4
75 19
72 6
58 14
85 13
87 1
64 13
63 17
35 1
12 18
84 4
12 15
69 15
66 3
74 1
79 6
54 14
100 17
99 20
17 12
61 15
60 5
48 6
75 20
37 4
77 9
15 1
45 9
19 9
25 17
58 5
73 5
90 4
73 20
54 3
60 14
69 3
54 15
41 7
64 8
55 8
58 3
95 19
38 14
99 8
89 19
30 8
82 13
25 8
15 18
54 12
90 12
19 12
33 2
36 5
69 11
14 15
50 11
83 5
36 3
48 3
15 13
97 1
18 17
91 13
55 4
83 10
96 8
47 16
44 4
38 5
18 18
82 2
65 12
39 20
25 13
20 6
15 4
21 4
91 16
54 13
74 12
10 4
34 13
80 8
16 6
81 10
11 13
45 20
84 7
61 16
10 5
59 14
88 12
61 14
58 12
96 15
22 14
25 12
88 16
60 6
26 14
72 8
21 4
43 18
63 3
96 16
67 3
58 18
55 6
18 1
92 2
60 18
50 1
98 8
61 14
42 8
46 7
43 15
23 5
89 7
75 16
24 12
84 4
93 1
34 1
77 17
50 2
39 5
58 10
86 11
23 2
74 8
24 8
88 18
77 18
11 12
30 4
33 10
56 6
24 6
43 8
56 12
18 6
39 6
53 1
68 10
94 18
14 2
33 6
32 16
58 9
34 9
92 11
58 20
34 16
21 16
97 2
46 15
85 2
46 1
74 7
98 19
31 14
50 8
32 9
81 16
16 6
65 11
55 5
48 16
91 8
98 5
92 20
92 12
65 2
22 7
72 5
34 10
34 2
96 12
86 9
83 15
32 17
90 6
52 11
94 3
51 20
28 8
63 13
90 18
24 4
78 5
93 2
10 1
10 4
84 12
93 6
82 5
51 18
72 6
10 6
91 18
65 15
79 13
96 14
27 19
68 18
69 18
82 13
24 12
96 16
68 13
34 8
34 5
78 2
11 15
63 13
43 20
65 16
23 12
35 20
66 12
93 2
44 4
76 12
68 15
80 19
75 4
31 1
22 7
45 7
53 14
44 3
96 20
12 17
29 20
99 18
95 8
82 10
75 4
61 11
24 16
68 17
28 4
60 17
88 8
48 8
11 11
48 2
28 12
74 10
64 15
69 13
25 10
76 16
66 1
48 5
16 10
61 17
98 15
50 13
52 10
52 9
32 11
74 13
24 7
49 19
13 14
89 14
81 10
90 5
18 13
74 10
62 15
19 18
18 9
47 18
63 7
53 11
93 8
53 16
68 2
71 9
88 18
49 15
45 16
16 10
30 6
59 14
23 11
86 16
56 4
64 16
99 11
98 13
56 8
30 12
99 7
79 12
81 3
54 11
68 2
69 6
60 17
17 20
48 17
58 10
99 18
35 16
79 17
66 4
18 16
75 10
58 5
20 15
27 3
46 14
12 19
58 19
21 20
18 3
21 19
13 2
31 19
20 1
64 14
54 16
43 13
20 19
25 7
75 12
54 14
14 1
86 7
56 13
41 12
48 11
60 16
48 20
76 12
81 16
98 20
62 3
64 2
69 10
35 5
65 10
28 1
52 4
87 16
58 8
86 12
69 20
30 18
37 4
90 12
24 15
34 20
13 18
48 18
18 8
72 5
70 17
71 4
52 17
99 2
94 16
62 11
54 20
16 2
20 15
16 6
38 2
50 13
92 10
100 17
45 20
20 10
48 2
35 12
98 12
34 13
33 3
32 18
53 17
90 6
63 10
50 20
17 18
74 2
95 4
98 9
57 7
92 17
65 4
25 12
65 1
61 8
13 16
95 19
81 3
19 12
32 16
96 20
53 20
32 3
96 2
83 10
64 7
58 1
19 7
16 3
74 4
39 1
99 7
99 6
29 20
59 8
12 19
56 9
31 14
43 3
14 17
73 11
30 8
36 5
83 20
11 6
85 20
43 1
63 19
59 19
97 2
59 8
14 18
100 16
83 20
90 19
75 11
81 15
80 12
52 15
58 7
80 6
23 16
69 6
30 7
97 7
97 16
22 3
87 6
68 7
28 16
37 17
87 5
75 15
18 16
51 8
49 5
31 12
32 20
45 6
12 14
68 12
41 8
98 20
68 5
51 11
43 14
39 14
32 6
16 1
65 12
20 7
66 4
61 18
78 7
82 7
52 15
14 17
86 3
20 19
17 8
54 9
46 16
91 5
23 7
18 3
31 11
32 17
87 16
40 2
76 15
57 10
15 12
55 12
11 7
40 8
59 20
89 18
68 13
59 15
23 17
75 8
93 14
85 4
51 17
35 9
57 4
40 12
71 12
42 1
73 12
57 2
54 6
67 16
41 19
78 9
52 16
58 18
69 14
36 12
34 10
61 9
40 4
94 6
86 8
30 8
76 15
86 4
56 5
57 7
28 2
42 6
14 14
91 19
96 7
42 10
22 14
22 19
43 11
98 20
83 10
72 18
40 6
20 11
93 10
36 14
17 20
19 1
26 19
77 16
74 12
66 11
90 4
51 10
75 17
36 18
17 8
38 5
94 3
18 1
99 16
85 12
94 20
49 1
28 10
89 19
96 18
37 8
84 8
90 13
44 16
13 12
92 18
69 16
98 15
69 4
56 10
23 17
51 19
77 14
99 6
78 19
90 3
11 12
28 15
60 1
92 3
57 9
33 6
76 4
32 14
55 7
56 19
83 5
94 11
51 9
63 7
92 2
70 16
94 17
74 17
66 4
40 8
71 8
30 13
74 15
10 2
71 7
47 12
91 5
22 16
74 3
47 7
54 7
56 18
15 13
29 12
83 15
54 19
46 7
98 15
63 20
45 1
31 6
35 10
64 14
35 12
15 2
68 5
25 18
19 12
88 13
83 3
60 14
60 15
46 12
91 18
41 9
74 20
40 9
27 1
94 10
31 14
47 10
43 9
38 1
17 4
34 4
40 1
56 19
68 3
57 9
13 17
19 17
18 5
27 16
77 3
95 15
36 14
75 18
42 16
54 11
55 20
93 17
54 14
80 10
86 9
32 17
10 15
95 14
22 2
11 20
19 2
84 20
49 1
31 19
63 13
74 12
40 2
71 12
61 11
28 3
75 1
74 14
18 16
15 15
25 3
13 15
11 17
60 1
26 12
86 13
85 17
63 3
45 2
56 3
87 6
32 10
51 14
37 13
49 5
37 12
21 6
40 4
67 5
45 9
79 6
25 7
67 19
82 7
76 10
28 13
57 11
70 7
91 3
30 9
28 10
32 17
90 18
23 8
53 11
81 7
68 13
58 9
85 2
39 2
89 6
19 2
68 6
62 10
96 2
95 16
48 19
90 3
74 2
75 12
61 8
38 1
84 19
17 2
10 8
21 19
56 7
71 19
84 13
49 15
39 17
88 3
15 13
13 5
20 16
62 10
85 19
81 12
47 7
24 18
35 5
29 18
44 3
30 10
86 2
88 5
98 12
17 6
95 1
32 7
56 16
12 16
22 20
48 14
54 17
30 18
53 18
70 12
81 3
30 10
99 16
43 1
88 8
80 15
88 5
92 5
93 12
46 16
30 11
52 2
35 14
39 10
55 18
57 12
95 19
54 8
97 15
54 4
96 16
14 18
27 7
88 4
80 8
90 10
21 12
73 10
45 14
61 16
58 8
63 1
41 11
58 2
50 5
20 17
32 2
66 16
75 20
51 17
55 17
93 4
20 15
56 3
51 14
50 13
27 19
72 2
88 14
41 16
27 17
81 7
79 18
57 8
90 7
92 5
50 18
19 12
48 18
74 11
54 11
61 15
44 1
56 4
50 11
68 14
13 3
26 5
26 19
44 4
37 2
99 5
77 4
96 19
43 15
78 5
72 16
99 6
51 20
67 8
92 4
68 1
76 19
10 7
96 8
79 7
36 8
80 2
84 10
86 1
62 12
45 8
51 8
35 12
42 19
33 12
81 6
67 5
78 8
13 2
62 15
38 17
49 16
71 2
14 11
87 1
83 13
57 8
89 10
67 7
48 7
36 10
31 15
17 11
54 14
55 18
97 20
93 19
28 4
79 16
100 18
44 7
78 13
43 7
83 19
98 13
27 19
61 9
96 3
44 14
71 16
75 4
12 4
37 8
79 10
29 6
82 16
19 12
64 18
26 6
83 2
41 12
42 8
92 5
25 5
41 3
86 13
40 11
48 14
73 13
25 19
47 5
79 9
44 13
78 11
87 4
28 1
19 5
80 1
44 4
68 11
65 9
48 19
79 18
43 13
54 16
49 16
18 13
57 8
12 10
86 9
69 16
76 18
88 1
45 18
17 20
65 16
74 2
83 9
43 15
11 4
53 16
65 15
75 7
85 18
39 19
28 8
36 7
76 6
95 11
71 14
33 19
89 8
80 7
94 4
17 17
39 20
88 19
92 6
59 6
92 15
81 9
54 5
27 10
54 11
31 10
22 10
29 5
77 7
43 2
18 7
11 14
95 19
80 12
88 14
59 3
68 13
97 12
60 14
32 15
60 3
35 13
19 9
49 1
90 14
72 2
97 16
17 4
75 3
17 10
99 12
37 11
17 6
85 3
74 12
82 19
61 9
54 2
61 20
28 10
79 17
58 7
28 7
16 13
53 11
11 13
81 17
32 2
55 4
39 1
89 10
32 4
32 20
74 5
71 16
12 10
54 7
26 18
90 11
12 13
35 17
40 9
80 2
42 13
53 3
84 10
74 7
31 20
92 8
71 19
21 9
44 14
99 17
76 16
94 3
100 11
47 11
32 6
34 19
37 2
78 10
13 3
57 3
30 20
64 1
52 3
45 16
45 19
98 19
13 6
23 2
25 8
10 17
63 16
20 19
63 15
29 1
55 3
95 3
74 15
73 16
37 16
57 16
68 12
24 11
14 9
77 3
70 11
45 8
60 16
33 2
90 16
39 17
13 4
66 20
43 15
79 14
70 5
47 4
82 8
63 20
26 4
87 9
46 13
23 5
96 17
77 4
37 6
73 10
43 14
85 15
26 12
32 13
35 9
33 3
30 10
12 4
12 12
90 15
87 10
33 1
38 1
94 6
36 11
26 3
78 19
68 15
33 13
14 11
84 13
77 2
43 8
40 19
97 19
87 12
92 3
30 4
65 13
25 8
49 10
18 18
25 9
67 15
92 6
60 2
91 19
11 14
93 17
16 7
78 12
55 8
72 19
30 3
39 17
24 7
58 12
39 15
90 6
63 6
12 10
71 13
11 20
90 4
43 17
98 20
37 8
19 13
97 10
26 13
44 14
33 2
25 13
95 19
23 8
10 1
80 19
15 18
31 12
26 3
79 12
57 20
35 19
36 14
17 18
57 2
14 12
63 19
54 5
66 15
92 4
89 5
87 11
94 12
35 1
70 14
85 1
66 5
59 15
100 17
28 20
41 15
19 16
52 1
83 9
37 4
68 3
24 19
51 2
72 9
54 19
65 4
56 7
17 9
36 8
49 11
97 18
99 10
20 15
43 17
49 18
11 19
26 11
46 6
59 3
53 20
92 16
94 8
18 3
50 6
95 7
71 16
79 17
19 15
75 3
67 17
58 16
56 11
56 20
96 20
63 9
82 6
100 4
100 8
87 14
32 13
37 13
44 5
68 1
54 18
44 10
26 14
30 18
49 7
68 17
24 5
31 18
35 6
92 19
96 19
56 16
32 20
36 2
33 20
61 9
82 16
11 4
28 7
54 7
36 8
87 13
34 11
92 12
23 18
80 10
94 19
42 13
72 5
43 1
13 4
79 8
65 13
18 18
65 13
86 4
40 20
45 17
33 20
83 9
67 1
89 9
83 13
65 8
13 2
73 1
10 5
53 16
41 8
40 18
14 3
66 5
51 9
53 11
45 12
87 4
23 9
91 13
85 16
14 4
68 9
57 4
79 20
14 20
81 20
58 5
87 13
57 19
54 13
17 10
52 15
22 7
13 13
72 9
44 3
91 15
59 15
60 10
40 13
12 12
100 12
100 9
37 17
50 2
90 20
24 15
77 16
51 9
31 2
51 20
54 3
68 1
76 18
96 3
50 8
15 18
28 5
35 7
100 7
61 3
63 15
28 15
45 2
78 17
70 6
59 8
82 8
65 7
52 4
61 15
33 11
56 10
59 20
45 11
12 2
71 13
68 11
33 12
53 14
10 11
60 3
40 18
69 11
76 7
38 15
29 6
48 4
36 11
62 7
91 5
67 15
49 19
64 5
46 7
20 12
63 14
24 8
41 6
84 7
32 12
36 13
86 8
48 7
29 13
32 10
61 15
36 17
50 4
49 3
97 18
47 10
91 4
46 15
12 19
37 19
30 16
12 17
30 16
44 20
71 5
68 8
87 6
46 17
73 16
23 19
16 20
100 1
48 7
37 8
56 2
86 19
36 4
74 12
67 3
55 3
72 1
63 20
77 9
96 20
15 11
37 15
16 7
94 2
95 16
36 4
57 7
45 11
86 15
41 6
30 14
23 3
26 19
55 4
55 6
42 17
85 2
31 20
56 4
24 4
18 11
20 5
20 15
51 19
80 14
75 12
61 9
46 16
95 4
59 4
88 11
21 1
87 16
32 6
81 18
71 14
52 11
30 16
89 16
39 14
42 19
79 7
11 6
30 13
46 11
91 17
75 19
19 15
16 6
36 16
21 8
67 17
65 8
28 9
57 17
63 8
12 4
32 4
72 17
20 6
90 4
12 3
36 17
18 20
17 18
48 19
11 15
82 4
31 5
23 20
37 18
51 16
73 9
78 12
17 16
19 15
84 10
15 4
35 2
100 1
44 9
15 12
61 10
92 19
65 3
100 6
78 16
27 1
33 4
65 18
52 14
96 13
57 1
82 5
41 1
20 16
86 15
48 10
54 13
61 6
29 17
95 18
15 12
51 8
56 12
13 13
84 16
31 4
51 6
62 7
20 17
27 8
11 14
74 5
72 17
17 18
18 16
92 17
84 12
77 15
61 16
23 6
61 6
75 13
56 11
58 20
40 11
95 9
19 14
91 16
83 15
34 20
88 20
20 10
86 18
88 20
51 8
72 18
15 7
83 14
34 5
65 17
34 3
55 7
26 17
73 1
24 19
38 9
98 1
61 15
58 9
52 6
47 7
68 4
13 18
53 16
51 9
68 4
20 16
40 14
32 7
13 4
100 20
19 9
75 17
56 18
72 14
50 18
73 20
78 11
21 1
76 10
37 20
27 19
35 9
23 5
91 9
41 14
58 8
10 3
22 12
23 1
95 6
29 9
29 2
85 9
22 20
60 1
100 19
78 20
92 12
61 14
12 11
67 5
18 15
48 8
80 11
37 12
15 10
100 20
44 15
16 3
19 18
49 8
76 16
59 5
82 20
12 5
30 8
18 2
11 7
42 2
97 7
49 7
81 13
63 8
32 17
79 10
62 11
36 19
93 5
24 18
24 19
24 19
10 9
88 5
71 11
36 19
80 7
90 15
26 6
86 4
85 20
46 8
46 10
62 2
94 17
93 11
28 3
60 19
31 6
50 1
60 5
81 17
42 9
93 12
34 10
88 9
96 6
47 3
50 8
44 9
29 8
87 15
43 2
47 13
16 4
98 17
57 7
99 14
82 14
63 15
23 2
20 18
13 7
81 7
43 1
21 8
54 3
36 19
91 10
32 13
59 11
18 17
83 4
97 14
71 13
46 19
66 4
37 13
83 12
94 9
62 12
97 10
46 10
19 9
86 12
90 10
28 5
83 14
97 12
99 7
73 18
82 12
62 13
42 1
13 10
85 18
66 12
45 17
22 13
49 10
71 19
87 14
10 4
76 7
84 15
89 3
57 3
58 12
86 14
60 13
14 18
36 16
100 18
86 11
26 20
52 10
16 4
92 10
85 1
50 1
48 14
72 8
87 3
32 20
90 14
99 9
40 12
77 7
27 19
32 19
98 3
45 20
54 2
31 18
52 7
55 15
95 3
62 6
21 19
54 5
47 10
45 2
55 17
62 14
24 18
31 19
39 15
25 6
32 4
55 12
44 4
31 17
22 12
95 9
14 11
29 17
36 1
15 15
80 9
12 4
11 2
54 9
62 8
87 13
85 8
63 2
81 17
60 14
85 13
54 12
31 7
28 2
26 17
56 3
48 16
20 7
72 17
12 10
73 20
38 8
92 19
42 6
75 16
16 16
65 17
43 1
87 8
88 7
44 17
77 7
34 11
24 13
100 14
98 12
32 18
30 2
33 16
32 5
18 14
14 3
31 20
87 18
50 9
90 18
74 18
80 4
29 12
56 5
75 5
78 18
12 13
57 13
46 2
56 10
72 7
96 15
43 15
87 2
67 14
83 14
19 3
85 13
44 9
78 1
28 2
98 15
60 11
45 9
23 14
77 6
13 12
44 12
57 4
85 2
93 2
37 19
28 15
28 8
53 13
58 6
73 16
75 3
37 20
33 6
47 9
63 15
43 13
97 8
36 17
94 7
60 18
69 11
37 10
95 19
22 17
14 19
28 17
58 19
90 19
70 11
93 1
92 17
40 12
14 9
74 20
65 7
36 14
95 20
70 17
44 13
16 20
32 6
26 2
67 5
16 6
26 16
30 12
79 2
78 12
11 18
100 19
43 8
86 12
21 19
90 7
56 16
60 7
10 18
68 5
28 17
44 18
93 7
88 5
97 7
57 6
99 14
94 18
99 10
21 1
98 14
39 6
96 7
16 5
58 15
13 1
81 16
40 5
69 7
13 9
96 16
16 18
27 2
14 10
47 10
34 5
98 2
23 4
73 18
58 20
38 8
33 20
89 11
74 18
98 20
23 2
61 13
85 18
39 20
98 11
86 15
11 10
97 2
30 10
33 7
36 8
76 15
19 6
20 16
44 17
61 1
47 15
92 4
13 8
23 5
43 18
79 14
54 14
91 6
20 19
80 5
51 10
16 20
72 6
63 5
53 13
23 17
17 10
58 17
47 18
87 12
90 3
76 9
34 14
61 12
71 8
67 2
65 10
62 12
88 19
100 9
53 16
71 8
90 15
65 19
73 5
38 3
78 18
81 4
12 4
45 3
25 7
82 1
10 20
48 8
43 5
54 20
62 16
36 14
87 10
78 2
86 5
27 8
99 10
94 18
39 4
28 9
99 11
94 7
84 16
37 8
91 8
12 1
23 2
55 10
32 13
70 14
45 3
99 3
68 19
77 4
21 17
13 11
13 5
47 8
95 10
86 14
28 3
78 3
73 2
31 6
84 4
36 20
37 16
76 10
28 18
15 10
92 19
94 2
25 8
56 20
65 10
82 9
29 17
88 2
10 11
71 16
93 18
78 12
63 18
55 4
26 14
24 20
58 10
28 13
42 1
14 10
85 18
29 19
62 20
61 18
77 20
96 9
65 7
53 19
47 3
18 12
26 10
68 5
88 19
85 11
50 1
60 5
47 16
40 12
32 7
51 5
78 10
52 13
65 3
57 8
56 4
72 18
48 6
20 14
48 17
66 15
62 1
83 7
94 5
16 19
47 14
84 17
84 18
35 20
16 6
99 14
80 1
10 20
67 17
29 13
59 7
79 3
72 12
53 4
81 1
83 4
92 7
52 20
29 17
74 13
76 19
88 11
56 14
54 3
33 16
15 16
86 6
80 4
91 4
26 4
90 9
42 7
83 20
11 12
42 13
79 18
82 6
51 3
95 11
21 18
13 10
14 14
64 1
49 5
90 3
20 5
21 14
14 4
62 17
17 10
69 9
85 11
87 16
56 14
17 17
76 8
73 17
87 4
27 17
97 16
12 17
61 5
12 5
41 20
48 9
21 20
99 6
53 18
11 17
14 11
36 1
58 12
62 10
36 5
48 9
20 5
15 3
41 19
61 14
29 18
81 15
45 13
29 10
73 5
96 2
24 2
67 1
37 14
86 15
42 6
24 19
84 18
54 11
52 19
48 2
50 2
11 13
60 15
75 8
59 14
61 13
53 3
12 16
96 8
44 14
16 10
30 11
16 5
20 16
21 16
93 9
10 8
65 17
66 13
15 20
79 16
12 15
42 14
29 15
14 19
87 12
18 4
18 5
32 6
69 16
64 12
35 8
49 17
78 5
97 1
100 20
27 18
20 10
47 15
30 10
51 15
75 9
62 20
42 19
34 14
11 9
45 15
34 15
76 16
38 9
48 7
58 11
36 14
63 3
27 14
69 17
93 13
89 16
24 13
34 14
35 12
27 16
33 3
43 16
91 3
70 3
63 2
95 8
20 11
68 4
22 6
45 2
53 20
13 5
42 20
19 2
56 12
36 5
59 11
92 11
61 11
50 12
85 19
20 19
41 17
27 18
43 6
17 5
92 12
62 9
21 17
61 5
74 20
18 2
48 11
97 17
78 14
91 20
44 19
39 7
92 10
41 13
95 18
36 5
86 16
10 2
29 1
83 19
21 5
70 6
52 4
51 20
47 1
62 9
88 14
44 15
54 12
42 17
100 8
20 1
36 16
16 14
99 19
64 14
71 4
71 19
52 15
76 4
44 1
100 16
64 17
63 13
48 10
71 9
95 2
87 14
74 17
65 6
51 1
59 10
47 15
62 17
18 18
16 15
72 17
51 10
77 9
67 1
40 3
33 10
39 12
14 20
70 1
33 10
95 7
75 12
82 5
56 2
91 8
54 14
69 16
94 3
18 6
77 15
10 11
34 13
51 6
25 14
35 5
49 3
40 3
39 13
59 8
34 2
11 10
69 1
98 18
34 11
11 1
29 3
64 10
85 19
55 12
24 13
67 9
44 10
92 7
93 19
53 17
54 13
17 17
68 18
65 12
63 11
81 12
87 18
33 20
28 8
58 10
98 15
31 10
81 2
21 12
26 12
56 14
41 7
19 2
27 9
74 14
63 15
64 6
43 14
67 13
51 4
38 14
14 16
83 13
58 11
27 16
82 6
88 18
22 14
31 20
95 4
49 3
73 9
22 17
29 10
65 18
34 17
36 6
53 6
85 18
63 20
66 17
49 3
84 18
55 11
65 17
65 11
97 4
32 8
37 14
14 14
88 12
48 4
62 19
27 9
39 3
40 4
67 15
34 1
39 8
78 18
24 20
17 3
46 15
76 1
65 15
87 3
76 5
50 15
28 18
36 7
32 4
39 3
13 12
12 8
89 18
79 13
97 20
23 1
75 2
40 2
19 1
33 3
76 18
27 13
50 12
88 7
59 12
48 12
75 17
31 17
97 5
30 5
28 19
83 10
39 11
65 15
75 2
94 13
66 3
26 15
54 14
27 18
79 4
67 12
20 4
52 5
66 16
54 13
45 2
97 18
91 16
50 4
81 9
14 9
19 5
88 2
54 7
24 2
88 14
90 20
20 17
94 2
88 3
57 16
46 10
96 20
36 7
10 13
56 9
16 4
73 1
28 20
87 8
78 13
95 15
12 2
48 7
39 4
81 15
37 1
43 1
91 17
84 6
45 8
78 17
34 3
47 19
97 20
65 20
27 1
18 10
53 5
72 5
23 13
24 5
27 18
44 9
14 8
94 6
31 15
37 4
66 10
24 12
61 11
91 15
90 7
51 15
78 1
59 10
45 10
71 3
43 19
34 3
75 16
32 12
49 4
13 7
17 1
10 8
19 14
62 9
70 2
32 3
77 10
93 6
71 11
82 18
93 13
54 7
20 2
14 9
52 9
11 17
97 12
24 3
67 12
41 13
76 5
14 2
71 20
65 9
68 15
73 18
89 18
77 14
32 2
95 10
46 3
65 16
40 12
56 10
80 5
71 4
20 11
55 13
85 8
94 3
64 10
74 4
78 12
48 18
47 13
22 10
39 9
71 18
55 3
50 11
20 2
12 14
45 13
94 17
15 9
78 13
97 18
66 17
16 11
35 17
83 1
74 13
64 7
43 9
73 12
100 12
43 4
86 8
52 12
11 3
25 9
25 3
83 2
42 3
51 11
84 9
11 7
34 7
76 11
57 6
46 7
95 14
74 17
29 9
33 20
25 6
95 10
86 4
10 16
40 14
76 3
24 20
26 13
52 4
60 12
18 11
40 8
94 15
28 4
32 5
77 14
97 14
98 18
11 1
43 20
87 13
43 7
89 8
45 12
98 16
43 18
78 20
53 15
23 8
48 5
75 2
58 4
84 16
32 12
36 5
58 8
62 13
72 16
64 4
86 11
63 10
78 19
11 3
89 6
28 4
14 18
60 3
36 15
50 14
21 15
32 17
64 1
65 13
17 1
80 12
15 16
93 5
87 2
34 15
61 11
36 13
87 7
86 19
41 15
63 15
25 6
62 16
59 4
45 3
65 16
67 4
43 16
74 15
81 7
93 19
11 13
50 1
33 8
93 15
16 6
88 5
33 8
41 7
77 10
74 9
57 14
79 8
75 14
37 14
28 20
54 17
42 17
54 9
73 12
47 9
73 10
39 1
41 19
15 4
82 18
54 20
54 2
96 8
52 12
57 8
86 7
38 16
66 18
82 14
36 20
32 5
66 10
53 1
71 20
15 9
66 2
10 1
58 13
86 10
24 3
90 2
19 1
20 20
84 18
31 8
52 4
53 7
89 7
95 20
63 19
78 7
43 20
85 4
63 16
64 4
31 19
44 14
37 1
85 10
16 2
35 19
33 5
95 15
43 3
10 8
82 7
66 9
32 6
22 7
78 11
49 20
27 16
59 14
56 13
33 16
12 4
73 15
50 2
32 3
95 6
13 17
10 7
57 18
65 19
31 3
61 5
97 20
86 3
94 6
65 9
90 3
10 8
33 14
14 5
83 3
67 17
63 10
56 12
74 9
16 8
48 19
83 5
19 8
75 15
48 15
99 20
21 20
30 13
94 13
51 11
19 13
59 18
65 4
54 2
66 20
28 8
31 12
69 20
52 6
55 16
38 20
40 14
73 10
64 5
17 1
40 17
77 18
45 19
57 16
47 4
14 3
33 10
16 7
85 19
17 7
33 13
10 7
60 19
82 10
60 6
56 4
20 15
28 20
68 14
62 2
99 17
12 7
75 17
78 13
39 3
52 17
65 1
65 20
33 2
15 8
72 2
91 1
17 9
12 14
71 2
97 9
79 8
92 5
74 6
23 3
70 17
79 18
89 7
69 15
49 12
82 19
90 7
14 4
16 7
21 15
48 10
73 17
100 5
62 1
58 7
67 18
24 16
64 4
91 8
28 7
28 18
74 15
28 20
21 7
41 1
40 7
87 1
13 1
22 1
42 18
22 18
28 12
17 19
96 19
95 3
42 18
83 3
32 5
51 1
51 12
16 20
67 15
29 2
76 14
11 2
64 3
22 19
33 13
12 19
53 16
47 16
46 5
74 5
84 13
67 6
64 10
71 12
15 2
75 15
38 15
43 19
16 7
18 3
57 6
49 19
100 9
40 13
58 14
97 12
14 15
19 6
41 10
94 10
15 7
89 3
32 4
80 10
22 20
71 12
48 11
54 5
87 15
74 4
31 16
33 12
26 16
38 13
86 18
98 7
79 1
42 3
98 17
27 12
11 14
16 14
70 12
19 10
34 11
77 8
27 14
41 17
99 19
21 11
88 2
44 9
17 15
22 13
34 20
98 14
66 6
33 19
98 12
27 4
40 18
98 17
94 7
92 4
33 3
85 5
69 2
82 1
97 18
46 7
43 3
99 11
50 10
89 18
36 11
15 18
91 8
95 10
38 11
94 14
44 1
12 12
32 17
49 20
80 10
28 13
56 1
13 16
43 16
38 14
96 6
97 3
52 4
97 12
61 3
23 12
25 15
90 19
98 2
28 19
50 11
78 4
32 2
79 7
65 14
56 1
54 11
84 16
72 19
79 10
90 8
53 14
96 13
26 14
52 16
71 4
83 7
14 4
39 17
52 18
24 13
91 16
96 16
67 8
55 3
54 13
40 5
51 15
61 10
42 10
21 18
17 4
85 16
91 5
41 3
24 6
39 9
28 4
15 13
25 14
34 10
21 11
31 6
24 19
34 12
91 3
66 7
70 6
67 12
28 13
43 15
56 7
11 10
41 15
99 9
64 19
74 17
21 12
12 12
54 19
69 10
40 3
18 6
89 20
64 3
58 17
21 16
43 4
53 18
75 6
58 5
78 10
25 19
75 17
50 6
29 18
27 6
15 6
41 9
42 2
31 2
68 19
58 7
35 2
23 2
30 19
79 4
100 6
13 11
29 2
76 5
45 1
34 5
69 8
83 11
51 9
53 8
90 11
13 3
33 13
92 18
85 2
24 8
68 6
57 3
91 15
31 12
43 3
80 1
26 15
40 14
21 3
78 4
38 17
20 17
66 16
98 6
92 18
92 2
21 4
70 9
100 3
63 17
78 10
45 19
64 1
49 19
72 1
61 7
29 8
10 5
38 10
93 6
17 12
52 19
96 12
74 5
27 17
36 10
73 4
58 16
56 12
37 4
88 17
54 8
31 16
97 2
45 9
58 17
47 17
52 13
70 17
60 11
65 1
20 18
93 14
32 6
77 2
56 11
89 18
80 9
93 17
74 11
45 18
18 17
68 6
51 4
47 7
71 19
63 17
24 12
68 19
84 10
89 6
24 19
41 4
16 7
72 17
89 3
60 13
66 7
13 20
27 3
69 10
80 5
70 11
34 15
47 4
91 17
72 12
32 12
84 6
26 9
56 5
36 20
60 7
47 11
16 18
47 5
16 13
49 11
91 13
61 7
41 8
64 4
85 10
54 4
51 2
38 10
82 2
68 15
47 18
95 20
63 12
33 4
59 8
11 11
26 3
23 11
24 19
69 19
68 5
43 19
60 15
51 11
52 1
58 2
85 12
87 6
55 20
30 5
76 1
40 6
51 13
22 3
28 16
62 14
77 8
35 14
66 6
69 15
79 14
45 16
63 1
68 15
85 18
16 11
83 7
71 4
33 19
94 19
56 3
18 5
47 12
19 4
85 20
58 5
45 8
97 19
62 5
38 1
47 12
39 3
35 9
57 10
47 12
16 6
70 16
38 5
54 9
77 9
60 14
25 15
15 10
65 15
45 5
33 1
14 15
33 6
93 14
98 10
54 12
94 6
99 11
29 17
75 10
96 19
22 18
56 4
11 16
88 18
20 2
39 11
30 10
70 10
90 4
70 13
73 10
47 16
19 16
50 7
85 2
14 13
44 8
38 5
31 19
65 18
22 6
60 4
82 18
58 12
94 5
76 2
69 18
44 20
93 11
100 14
34 9
81 14
17 10
65 6
61 17
57 7
88 9
87 7
61 7
72 13
38 5
45 12
15 3
42 11
62 7
65 1
100 1
12 12
90 15
100 7
47 3
88 18
49 1
98 6
47 8
37 11
49 5
67 16
68 9
20 1
47 17
45 2
40 7
68 5
83 19
53 4
17 13
81 8
18 2
38 7
28 19
16 12
97 4
76 12
85 16
64 5
57 10
20 9
79 17
99 10
38 18
16 20
86 7
85 4
66 8
63 13
80 12
94 6
80 7
90 2
45 11
35 7
45 10
30 16
59 2
37 18
71 7
37 3
52 15
40 17
41 9
25 10
93 10
16 3
19 5
80 19
13 5
97 1
22 17
46 10
61 17
50 16
71 11
85 11
60 16
87 1
76 1
90 7
17 13
34 6
16 20
32 4
46 19
45 14
22 11
17 13
12 2
29 4
13 20
51 18
80 7
85 14
18 2
71 10
42 2
38 12
55 11
34 10
48 10
45 12
58 6
55 7
72 15
85 9
10 2
78 18
96 7
96 5
43 18
37 12
84 7
22 2
29 5
19 10
51 8
63 4
79 3
88 13
84 11
22 4
60 15
38 16
50 3
33 11
67 17
20 18
43 4
32 8
57 20
57 6
39 18
63 8
39 17
75 11
13 17
78 15
66 19
57 14
44 1
82 3
66 8
26 13
45 2
95 9
90 2
80 14
46 15
26 7
32 6
12 6
18 14
19 9
75 19
82 1
93 1
27 9
85 9
57 19
54 13
88 13
45 18
34 18
17 13
36 8
52 14
16 19
21 3
36 4
100 15
19 5
97 5
89 12
17 3
88 19
89 17
39 7
18 1
67 1
76 9
32 6
38 10
66 10
76 20
16 14
97 2
82 19
28 11
43 12
45 8
39 13
32 11
79 16
89 16
49 6
12 7
73 11
64 8
80 5
24 12
96 12
99 9
53 13
40 9
75 17
77 2
78 19
93 6
24 18
95 1
63 7
87 1
33 17
58 5
86 8
96 6
71 16
72 18
59 11
13 18
88 16
76 9
95 6
53 16
16 5
83 7
92 2
43 15
88 4
23 9
98 10
78 16
90 4
81 13
62 1
11 6
33 7
30 16
29 16
99 9
53 4
18 18
93 2
95 3
40 12
56 9
45 3
57 16
74 2
39 16
94 12
65 17
54 10
96 3
13 5
76 5
33 4
45 20
90 13
82 18
71 19
18 4
57 3
89 9
58 11
41 15
10 14
44 20
72 14
25 15
34 3
28 2
79 11
13 13
43 16
87 9
14 12
53 4
81 2
12 16
38 2
49 8
63 19
10 12
29 6
83 2
65 10
43 2
31 1
13 14
89 8
81 2
88 2
77 11
65 16
58 2
46 2
53 1
41 12
54 3
59 16
74 15
74 5
59 14
60 6
57 11
24 7
91 12
96 16
54 15
28 15
40 12
48 16
52 10
57 13
61 7
13 18
22 19
48 12
51 1
73 19
57 18
26 17
98 19
80 13
49 11
24 3
84 14
90 18
21 10
16 20
48 6
77 11
33 1
22 20
98 17
84 19
80 15
49 3
77 11
100 11
87 20
92 8
56 13
55 7
93 4
29 15
60 9
76 11
42 1
28 14
10 15
66 15
55 14
86 2
37 8
64 19
44 13
48 12
40 18
83 16
23 1
27 10
45 6
91 9
72 17
38 5
75 16
37 20
91 16
72 17
66 9
76 10
23 10
32 13
94 6
26 18
88 6
27 3
25 19
10 17
15 3
38 6
37 5
33 2
85 3
22 9
53 5
89 9
97 9
58 14
98 20
84 3
48 17
55 15
15 15
86 11
40 2
33 16
22 9
26 14
30 20
82 7
32 13
35 8
30 7
75 17
89 20
96 10
83 14
88 4
83 12
91 13
24 7
31 14
26 5
40 11
81 20
91 3
63 12
50 13
98 7
15 10
82 7
32 2
70 12
27 7
11 19
24 12
62 11
90 20
16 20
27 4
40 9
36 19
54 1
73 9
87 6
22 5
63 12
25 4
25 6
67 6
13 17
21 20
83 8
70 7
57 10
68 7
92 17
23 15
50 8
47 3
27 16
46 8
91 9
26 3
52 7
76 15
66 20
15 4
13 19
22 2
12 2
17 10
74 10
65 7
57 2
88 20
19 3
42 2
53 6
98 3
38 18
95 16
50 19
61 14
51 9
51 1
59 7
53 20
49 4
99 3
85 12
29 13
81 1
48 6
70 10
39 6
14 17
60 4
78 10
49 8
17 5
95 15
68 8
52 11
68 1
94 20
57 9
53 9
34 10
41 12
65 14
79 20
43 2
28 13
42 4
75 1
28 4
38 16
61 12
83 11
27 6
62 2
88 19
73 12
76 16
49 3
32 1
75 1
58 11
60 8
99 2
92 17
78 5
13 8
86 2
18 14
89 20
33 14
25 18
51 2
75 14
20 15
23 2
14 19
40 13
22 7
19 2
33 15
46 12
15 18
12 18
15 6
63 2
99 14
47 9
89 12
26 1
84 17
73 19
13 19
46 1
82 10
10 15
40 9
39 19
80 3
94 16
37 15
13 5
96 18
93 2
30 7
44 14
54 19
67 6
90 18
57 12
48 2
79 10
99 19
78 17
56 20
24 13
21 16
81 7
83 3
76 19
81 18
51 2
66 13
62 15
52 3
59 4
69 13
42 16
48 9
36 8
59 16
69 5
77 5
16 6
93 16
45 19
84 6
52 11
20 17
67 12
28 17
91 3
53 9
100 6
71 17
32 1
77 7
15 14
73 20
16 6
33 11
46 14
34 12
21 2
59 19
70 5
12 14
41 16
58 15
48 2
27 5
51 9
69 14
79 14
23 8
59 3
63 11
68 12
12 19
83 1
62 10
83 11
95 20
26 3
34 7
81 5
96 7
46 17
40 20
92 18
40 17
54 5
100 8
27 12
78 17
41 14
21 16
45 19
92 14
56 14
53 18
82 13
56 10
15 6
33 6
88 1
54 20
80 5
82 5
84 18
42 14
60 10
27 1
17 9
67 2
75 8
19 11
80 11
36 3
17 17
65 4
23 18
62 6
62 8
48 4
30 14
68 18
81 4
80 8
32 6
29 16
26 2
11 1
14 6
19 12
58 17
13 8
13 20
79 15
54 10
28 10
36 13
47 12
70 4
42 20
52 3
60 11
25 10
93 14
78 2
43 19
28 2
95 12
26 2
25 19
19 11
64 18
12 2
46 6
63 11
36 7
22 7
65 11