20000
10000
39 18
63 9
59 7
47 10
10 16
63 11
51 15
82 13
75 9
94 16
81 15
15 15
64 16
73 10
55 4
76 14
78 8
90 15
32 8
85 9
13 9
33 2
31 2
68 17
26 4
99 12
56 6
65 15
27 14
57 6
87 17
41 17
16 17
48 16
55 10
95 8
78 1
69 12
96 15
34 4
49 18
46 20
57 9
51 1
19 3
56 1
90 19
62 16
96 16
52 12
28 9
53 15
97 8
79 12
51 19
18 8
31 7
35 14
74 20
10 1
86 11
95 2
57 11
65 17
88 9
43 4
27 7
87 14
13 20
48 10
86 15
41 3
96 1
27 6
54 20
29 17
56 8
70 2
97 16
30 18
23 19
78 19
65 1
12 11
10 6
43 15
65 20
18 15
22 20
60 14
36 8
42 13
48 13
32 17
32 2
67 19
95 10
85 2
97 13
77 19
27 18
86 2
34 19
78 5
55 8
75 12
26 15
88 5
53 6
33 13
74 14
95 3
46 20
42 19
58 5
45 10
88 8
77 15
81 6
91 8
44 11
70 13
89 17
88 11
70 4
52 1
64 6
96 16
11 3
69 1
71 17
59 16
70 13
57 3
40 19
100 11
22 6
44 12
10 19
25 7
72 14
16 1
73 1
32 5
57 20
35 6
92 18
31 8
83 8
41 3
22 10
25 11
24 11
88 19
34 10
56 19
31 11
37 5
18 15
17 9
93 17
75 5
99 3
86 5
19 18
10 3
20 17
29 19
71 14
63 19
13 12
91 14
73 13
51 8
56 19
31 3
22 9
63 20
36 8
87 17
26 18
93 7
32 14
41 19
73 11
60 6
35 18
27 18
86 8
66 5
27 1
26 4
73 13
12 2
56 1
58 2
23 16
70 2
50 1
66 6
51 1
58 18
46 7
89 10
81 1
98 13
39 3
45 17
41 20
49 17
31 17
16 19
52 20
83 1
43 9
53 11
15 4
80 6
66 1
64 2
17 6
59 17
88 7
22 10
28 13
76 11
64 9
71 2
40 8
61 6
99 14
52 8
43 2
34 16
43 5
41 8
95 9
93 14
61 4
37 8
63 3
20 18
24 14
15 2
10 5
28 20
91 9
65 3
52 20
84 7
14 9
51 2
25 7
77 16
29 3
69 5
30 2
22 13
58 1
94 14
29 17
11 14
99 16
49 8
49 10
60 11
99 1
77 10
48 12
41 15
46 12
99 9
99 16
67 16
54 12
66 20
90 12
66 16
72 10
74 9
95 7
57 2
44 11
75 16
63 6
28 6
14 16
69 18
20 11
30 8
41 9
45 20
34 4
94 19
84 15
48 12
56 17
88 5
14 14
29 4
47 3
15 1
55 14
89 12
89 13
93 15
42 6
28 11
63 2
100 18
53 15
35 8
78 20
82 18
42 2
29 20
98 14
85 1
90 8
55 7
63 9
52 13
58 18
43 8
62 2
32 2
37 18
34 4
70 19
47 6
82 6
57 1
94 18
58 18
39 11
56 19
43 3
60 7
47 19
32 20
90 1
24 7
17 8
72 4
25 12
67 18
68 20
45 10
88 8
38 14
43 11
28 17
99 16
18 4
74 2
27 14
75 20
69 18
82 15
10 15
80 3
88 15
69 19
92 15
99 9
92 6
47 6
98 15
34 12
67 2
34 8
38 9
84 3
68 4
32 17
75 6
49 16
79 20
63 7
13 7
47 11
78 14
10 9
54 15
52 14
18 4
85 12
31 15
52 10
46 12
55 8
11 8
100 14
42 7
30 10
20 1
14 3
49 17
62 12
79 17
30 5
80 7
15 3
22 17
28 4
84 17
89 12
39 5
95 16
48 2
31 7
29 13
23 15
90 10
37 6
11 3
26 19
39 5
19 1
93 20
28 5
75 7
39 12
60 5
60 16
32 13
71 3
100 1
14 4
26 20
100 5
69 10
66 14
84 8
27 9
83 11
47 10
69 6
33 17
21 1
70 11
77 13
71 6
75 9
64 4
99 4
57 5
40 10
34 12
41 7
48 17
55 3
41 9
88 19
67 4
83 1
70 4
62 10
12 14
89 15
85 14
66 15
63 19
88 1
34 10
31 9
20 10
59 16
84 7
71 1
61 18
91 16
34 9
45 9
18 6
27 12
41 14
36 13
99 3
62 5
34 16
45 14
30 13
47 16
75 12
19 2
68 5
71 1
18 12
60 6
35 2
71 13
30 11
87 17
18 18
11 6
71 5
81 12
67 16
94 18
38 10
27 20
12 16
83 16
52 1
34 7
49 12
82 17
32 14
53 8
82 12
23 18
42 12
13 14
64 12
62 19
56 13
96 10
54 16
89 20
32 1
22 9
34 8
99 20
14 3
58 19
76 8
54 6
18 13
100 5
54 2
50 8
78 4
14 13
35 8
76 1
40 8
67 7
23 11
40 1
51 17
59 1
96 3
23 10
94 17
22 19
85 6
42 20
38 15
68 8
71 18
99 8
77 7
79 18
36 7
53 10
65 8
62 8
56 9
57 20
53 12
68 16
11 6
79 19
20 14
63 7
35 13
75 6
60 18
72 1
34 10
31 4
61 9
64 19
38 17
17 12
21 15
56 9
76 4
82 1
89 3
77 12
55 4
31 15
86 14
54 5
66 13
25 8
66 17
81 4
86 14
43 1
26 6
90 19
99 4
74 20
76 8
12 11
55 3
31 9
39 3
85 10
29 20
80 17
30 20
94 20
12 6
93 19
45 15
33 2
84 11
74 2
93 15
26 6
92 9
56 20
83 5
19 16
41 19
30 16
57 20
81 20
54 10
89 12
31 14
33 8
34 1
67 8
95 8
68 12
53 7
63 9
10 8
49 4
94 7
47 6
81 11
85 3
27 17
13 6
81 18
95 12
25 6
73 6
63 2
11 10
22 4
91 20
88 3
92 17
38 5
55 20
87 2
42 16
67 8
69 9
65 7
45 7
73 19
44 6
97 16
84 11
88 11
86 3
96 15
61 13
13 9
73 2
32 19
76 7
28 8
51 12
83 19
64 6
80 10
17 9
41 19
37 14
87 11
83 4
68 19
64 15
55 10
11 6
71 19
34 9
34 3
79 3
66 19
50 16
53 19
67 5
95 9
65 18
38 8
24 4
67 6
44 17
29 2
41 7
43 13
84 7
28 3
39 9
85 14
98 5
53 6
39 8
85 6
22 13
49 11
76 3
83 18
24 16
35 2
83 20
65 10
38 4
42 1
46 5
56 7
27 18
70 16
69 1
81 6
32 8
95 13
59 11
15 17
74 1
82 4
65 16
78 1
81 1
89 5
92 17
41 9
37 8
40 19
10 13
78 18
47 11
79 18
66 20
44 1
98 8
85 13
38 3
58 18
88 3
27 10
72 5
51 6
26 15
96 8
69 9
68 16
72 14
37 3
41 10
34 20
84 10
72 4
89 16
78 5
98 7
98 2
16 16
48 3
10 11
14 15
95 16
82 20
79 8
66 14
48 10
17 14
29 13
84 3
78 4
63 20
34 4
51 18
82 5
76 19
70 10
11 1
61 10
43 17
100 18
44 15
44 3
56 5
18 6
34 15
57 12
43 17
44 8
69 6
63 3
23 11
32 15
32 10
26 3
93 16
42 9
71 5
59 11
100 16
43 11
62 16
59 14
86 7
72 3
77 15
67 4
94 4
65 3
35 11
83 5
50 13
91 6
60 20
55 7
58 20
86 13
53 7
33 20
42 5
69 6
80 18
61 15
41 17
86 4
51 18
73 2
70 17
62 8
83 16
60 7
35 1
88 12
91 1
50 11
41 12
98 19
48 10
56 18
47 15
79 4
78 20
89 6
35 18
85 9
92 20
33 11
51 2
66 2
63 17
40 1
59 12
73 17
47 6
82 18
53 15
64 8
87 14
42 3
80 20
41 2
76 2
100 8
34 7
19 9
76 12
96 4
74 12
70 13
94 7
42 11
97 20
79 17
26 7
57 4
71 2
12 6
93 14
27 6
33 7
31 11
97 20
26 20
63 3
94 19
51 10
67 17
34 16
97 17
17 7
85 8
70 5
66 5
88 1
44 20
56 4
44 7
97 5
84 13
25 16
77 1
39 7
88 7
73 14
54 18
70 3
10 14
63 15
18 8
95 8
59 19
46 15
74 18
43 7
53 13
36 3
37 5
50 17
89 1
26 16
22 16
92 8
50 12
37 6
72 19
99 12
44 13
53 4
67 11
95 1
35 7
28 2
74 18
87 2
24 4
34 20
69 14
64 20
88 11
36 12
17 12
49 16
62 5
44 11
100 17
14 9
62 11
19 3
76 10
59 8
96 13
64 19
31 2
51 4
80 20
93 2
94 17
30 8
76 4
21 12
95 3
41 14
17 12
51 19
79 16
55 11
43 13
38 1
86 4
65 6
94 10
83 3
35 3
18 14
75 1
12 8
50 20
33 16
46 18
39 13
99 10
76 2
86 8
61 9
22 20
97 5
24 12
45 8
88 9
95 9
39 17
23 11
58 10
53 19
47 19
38 12
92 9
94 6
24 13
13 1
89 6
61 8
31 14
40 5
18 9
79 15
46 17
78 6
40 8
29 19
76 14
26 13
98 10
22 7
73 6
57 10
82 6
47 8
14 9
43 19
100 19
10 8
16 10
33 3
81 3
69 14
31 3
31 5
28 17
53 15
70 11
45 11
26 20
30 18
82 1
57 14
88 5
32 17
10 2
12 1
38 15
84 8
57 8
14 7
18 7
23 20
67 12
41 7
31 12
77 13
97 1
90 5
45 4
80 16
61 8
20 2
69 4
17 13
48 1
58 16
99 17
30 17
97 19
75 7
59 1
10 17
53 20
19 5
45 6
64 18
43 13
85 16
17 13
68 17
54 17
53 11
96 7
59 4
10 14
56 14
77 16
60 6
86 12
10 16
29 4
84 14
43 7
48 1
20 4
93 16
55 11
60 13
100 2
29 10
65 20
98 19
13 20
27 1
19 1
60 8
62 18
77 3
15 10
71 9
47 14
22 17
68 19
93 3
29 12
15 8
92 20
83 15
15 17
60 20
29 1
94 2
76 7
79 19
59 17
98 16
72 2
82 15
59 8
40 5
90 15
82 8
94 14
66 5
49 3
33 1
38 13
53 3
85 10
72 20
27 11
82 13
93 19
100 13
21 17
89 19
77 7
39 2
88 19
33 15
73 6
38 18
92 16
66 5
53 9
76 9
57 19
42 13
46 11
85 8
19 3
59 16
61 4
31 5
86 1
55 16
33 14
51 3
23 20
17 8
87 6
43 13
13 4
34 5
53 20
28 9
63 5
84 16
22 19
21 3
15 20
26 4
51 20
86 11
43 1
78 12
66 12
71 3
28 6
33 11
77 2
83 1
24 4
40 4
29 16
47 8
45 1
12 20
93 15
61 3
26 19
25 11
60 20
41 10
29 15
87 19
96 11
40 8
27 14
31 6
21 14
60 14
75 15
91 5
30 8
67 11
34 3
24 13
84 4
81 7
15 3
61 6
90 7
32 19
75 18
68 10
91 16
91 16
71 10
52 6
100 6
42 15
98 1
14 17
44 18
27 1
45 18
60 8
38 13
89 5
41 7
86 14
80 15
28 9
94 8
12 12
49 10
34 19
61 10
99 9
76 14
79 8
71 17
71 14
35 20
57 15
70 20
89 9
22 15
35 1
73 6
42 14
81 20
81 8
31 8
81 13
19 10
71 13
84 15
86 13
14 13
25 16
80 13
40 20
49 20
90 14
91 16
29 17
82 1
47 20
74 3
89 16
43 19
22 17
90 3
42 17
79 19
71 16
61 1
35 10
15 17
75 12
33 1
94 3
60 13
59 1
86 15
71 2
36 2
71 18
13 14
87 16
34 4
57 13
90 20
26 8
91 13
56 9
55 7
18 13
83 4
48 6
70 9
72 3
98 14
84 13
43 13
75 6
36 7
65 14
80 19
86 20
97 5
97 6
12 4
40 14
38 11
57 10
75 19
23 5
13 15
42 19
21 20
30 1
49 10
54 1
23 3
40 15
66 2
97 4
52 10
76 11
26 17
82 1
63 3
17 13
24 17
25 16
89 11
71 18
23 12
93 19
89 15
69 9
23 4
68 1
86 11
66 2
47 2
74 8
11 14
35 6
57 10
15 1
18 15
95 5
72 18
17 11
72 15
23 4
27 20
61 7
16 13
77 15
93 13
89 15
32 19
31 17
27 13
55 9
11 15
25 3
58 4
38 10
86 4
90 9
92 17
88 12
85 7
53 1
22 1
28 1
52 11
97 12
23 6
27 12
54 3
74 20
76 14
33 7
58 17
45 9
28 8
50 1
82 19
81 9
22 20
28 15
19 10
98 9
16 17
54 8
67 4
75 11
17 4
54 19
16 15
73 20
65 14
34 14
100 9
57 7
33 19
85 3
91 10
98 20
49 11
76 19
91 20
24 8
97 1
69 16
45 13
99 2
45 13
26 13
39 18
57 15
41 17
30 7
41 17
89 8
41 14
88 15
56 9
59 16
99 2
45 5
30 5
47 17
36 7
86 17
97 4
19 15
51 17
99 17
29 17
71 8
58 11
80 8
70 10
96 13
22 5
70 13
40 5
64 8
19 2
88 13
95 6
50 6
57 14
35 9
27 3
50 1
48 3
25 18
88 7
51 2
37 3
14 16
99 19
64 7
62 2
15 6
43 4
85 18
80 15
12 17
44 3
71 7
96 9
64 7
45 9
82 17
19 2
34 20
32 14
73 18
72 18
49 6
68 1
100 8
31 17
98 8
39 13
55 2
56 10
66 19
94 8
43 6
58 14
99 8
85 2
14 19
31 15
40 5
22 3
100 14
15 3
26 8
57 10
64 11
41 18
79 14
12 5
42 4
19 9
55 11
12 11
82 17
26 18
22 3
47 14
88 5
44 11
67 5
18 11
32 3
77 3
23 16
22 15
36 13
52 2
62 13
64 18
89 20
85 20
27 19
53 12
33 18
43 8
79 10
42 16
57 1
48 4
92 5
16 11
52 5
11 5
60 4
57 7
77 20
39 17
57 13
96 8
84 17
38 12
70 2
58 7
12 6
81 15
71 9
43 7
65 8
92 15
89 4
55 16
77 16
48 2
32 15
95 17
74 6
81 2
26 3
41 2
39 12
46 8
100 9
75 7
66 8
53 19
93 16
11 3
87 14
41 4
91 17
11 19
94 16
31 20
41 3
36 8
21 7
54 9
23 20
63 4
49 15
61 3
60 4
13 6
91 3
100 2
40 4
32 8
57 7
26 2
42 20
86 3
94 8
93 19
22 6
49 4
34 3
88 3
14 4
14 11
78 8
80 17
21 12
45 15
39 9
31 10
52 11
30 5
44 17
75 20
66 6
49 5
17 15
55 10
70 7
58 11
79 14
10 13
17 2
91 19
53 12
78 5
45 8
85 9
73 13
94 10
54 18
59 8
99 15
34 10
63 14
44 16
82 18
21 1
89 11
79 5
31 7
59 15
65 12
95 3
42 13
76 12
29 15
74 19
58 9
77 4
94 10
57 17
91 16
55 4
33 14
51 5
73 10
49 8
56 18
20 4
70 2
45 8
81 9
67 7
86 9
12 8
98 13
52 2
91 1
42 14
80 7
66 11
26 3
92 19
18 3
14 6
25 3
10 2
29 16
53 17
21 8
87 2
59 17
46 11
23 8
84 16
13 1
100 16
20 6
22 19
54 10
38 15
43 2
91 2
44 18
100 12
85 1
14 20
16 5
42 18
90 18
25 16
41 2
72 2
63 3
11 5
25 5
22 1
62 13
60 17
96 2
10 20
93 8
44 14
64 20
87 20
13 18
83 16
88 11
42 8
21 3
63 7
26 6
100 5
32 17
91 6
63 18
88 11
76 2
93 9
84 9
86 11
39 2
72 5
15 19
56 9
46 18
33 18
91 7
63 4
78 10
85 10
66 19
10 4
59 9
99 15
57 3
87 6
74 16
96 8
100 11
71 12
90 19
71 20
11 16
15 16
25 12
21 16
19 6
51 12
77 10
73 14
41 14
91 14
46 9
45 17
37 8
82 2
59 2
75 8
11 12
29 19
82 16
19 7
57 9
65 15
30 20
66 11
94 16
30 16
21 20
96 8
32 4
19 12
93 14
45 11
46 13
85 3
44 8
98 7
50 12
58 17
23 9
51 12
90 19
34 17
64 18
27 3
59 14
39 20
55 16
97 6
99 2
21 20
38 6
86 8
40 4
69 20
94 16
46 11
90 9
21 17
93 19
40 15
58 10
78 7
98 7
43 6
28 1
78 15
14 7
26 19
66 12
63 1
85 20
93 2
67 14
84 8
37 11
45 18
16 5
51 11
60 3
35 8
72 6
85 14
58 10
28 8
81 10
57 14
78 18
80 6
92 17
20 14
96 18
67 8
56 10
34 7
18 5
48 13
70 4
64 5
36 19
63 18
51 7
63 18
59 18
25 2
24 9
52 17
82 4
18 4
31 15
24 13
44 13
95 3
73 5
63 20
47 6
56 4
75 17
92 19
88 17
78 19
18 15
88 18
38 18
29 11
72 12
89 3
12 17
26 3
90 3
96 9
20 5
88 11
72 3
52 9
33 4
85 11
75 5
13 14
81 9
15 2
88 17
84 18
13 7
81 15
22 12
98 13
80 4
59 14
94 3
23 4
88 13
90 7
63 2
80 15
54 12
39 9
47 17
100 3
26 3
16 11
72 8
88 14
58 7
16 2
34 5
94 4
67 12
24 18
77 4
23 5
16 10
79 5
72 1
96 11
52 10
13 6
84 5
96 18
18 5
28 1
88 15
19 11
20 14
53 2
36 15
15 10
30 18
51 6
97 5
66 10
98 10
92 16
63 10
62 12
20 2
12 4
18 8
10 6
62 2
16 2
68 20
22 9
35 8
11 17
35 3
14 13
93 11
29 8
39 18
43 3
62 10
41 2
76 12
73 5
46 10
47 7
72 20
30 17
96 7
99 18
40 6
52 9
34 20
47 2
34 11
18 2
44 7
99 12
30 4
32 20
99 2
66 20
21 3
68 16
80 18
22 18
69 4
52 9
45 17
49 10
50 20
52 17
100 7
26 4
98 11
20 12
32 10
25 15
23 1
52 14
96 2
28 16
15 18
73 19
38 13
26 4
92 15
25 9
32 2
21 20
18 8
64 13
83 6
80 9
91 14
75 1
34 9
43 7
19 3
90 20
41 15
19 1
83 13
40 16
20 10
28 11
43 14
14 13
89 12
30 1
30 13
71 8
94 18
65 14
12 12
79 5
91 3
77 8
57 14
89 12
77 17
90 10
13 5
69 5
91 18
42 10
55 18
81 18
65 19
12 6
94 13
80 1
50 6
68 1
62 4
33 3
45 20
53 17
39 1
47 14
76 20
78 4
75 16
42 4
68 7
25 7
71 10
60 5
90 17
83 7
43 4
79 8
63 5
51 10
20 20
38 10
87 18
82 18
90 7
14 12
40 6
63 3
99 4
53 9
63 12
100 3
100 14
46 11
38 1
57 3
37 20
59 10
81 16
30 13
59 18
85 12
82 16
52 9
69 9
69 15
52 15
82 2
13 9
73 4
87 6
61 13
17 9
58 9
70 20
62 3
63 7
36 20
85 8
44 5
22 7
29 10
86 7
25 20
21 6
61 8
46 6
24 7
60 7
87 13
78 2
52 15
51 2
99 1
15 14
29 4
84 19
24 14
66 9
25 2
53 14
37 16
95 7
74 12
74 5
55 20
89 15
70 6
39 3
78 11
37 14
83 2
58 11
42 8
71 14
72 20
43 12
96 12
73 20
19 13
43 2
83 11
46 12
42 3
35 8
13 6
82 17
97 9
11 5
14 17
26 6
12 15
36 2
47 8
53 8
57 10
73 14
83 11
58 18
52 3
33 3
19 14
83 12
42 6
16 4
44 10
90 14
67 7
78 8
72 5
69 5
36 6
44 11
84 12
69 17
23 18
74 6
95 1
54 13
62 8
34 2
76 12
84 9
65 13
48 14
32 18
62 11
64 19
92 3
39 5
91 14
71 19
11 9
37 4
76 4
36 4
12 8
17 12
30 7
70 18
87 6
36 20
78 20
24 6
47 17
87 1
58 2
80 5
48 6
63 19
75 3
50 8
68 7
27 19
60 9
68 10
31 20
32 18
86 3
44 9
77 15
12 9
14 13
86 16
71 19
68 16
29 10
19 8
63 5
39 15
26 18
44 17
34 1
48 1
21 9
62 2
78 3
23 10
52 13
26 13
59 9
44 20
49 7
16 15
51 19
15 19
23 5
77 15
100 4
85 12
56 20
91 2
23 6
75 7
55 18
84 13
58 15
52 11
69 12
51 12
88 8
16 18
62 5
79 12
38 1
33 7
85 2
39 20
20 20
14 7
92 11
17 14
60 16
99 9
35 17
48 1
50 4
44 9
34 5
68 17
59 16
82 8
95 3
59 20
61 18
79 14
68 6
50 11
48 1
45 14
87 2
44 15
41 16
63 18
25 12
73 2
31 11
18 13
70 12
24 12
29 10
33 12
38 13
22 20
69 2
47 16
95 15
22 1
98 9
99 18
78 14
93 6
55 5
53 18
61 3
20 10
42 12
27 19
88 1
88 7
56 18
12 12
31 12
88 11
78 6
80 20
87 2
92 13
48 3
63 3
30 14
21 16
71 16
50 2
100 19
34 12
39 11
99 18
30 5
18 13
98 14
92 14
96 20
60 16
78 4
48 10
47 11
24 12
48 11
93 1
21 7
83 11
55 6
14 3
54 12
79 15
36 13
54 10
22 12
56 20
59 13
84 17
76 13
25 16
32 9
27 13
21 6
65 2
47 2
66 20
28 15
61 4
72 12
48 18
81 15
56 4
73 18
14 17
45 7
27 20
25 9
58 11
81 17
75 11
26 2
22 7
65 16
22 5
32 6
32 17
75 11
77 5
20 13
35 11
74 13
70 2
78 17
68 11
58 12
43 16
93 6
48 4
50 19
94 20
23 15
15 10
39 1
45 3
69 7
20 1
85 2
77 11
97 16
78 8
17 3
26 3
62 19
46 6
58 7
69 7
31 19
89 2
71 4
62 6
85 16
48 8
78 20
55 18
41 7
62 4
79 17
53 19
34 8
19 12
12 7
96 5
10 15
63 12
48 10
19 19
95 20
11 18
60 19
95 8
67 5
47 1
11 5
64 17
73 14
74 3
70 16
60 7
60 2
31 7
49 4
99 19
17 8
74 10
52 4
78 7
30 3
86 4
85 2
19 5
88 8
66 9
64 14
45 18
71 6
72 7
50 3
31 2
86 5
48 14
96 16
41 20
37 18
38 6
86 1
91 10
16 2
15 10
12 19
46 11
75 8
49 20
14 19
31 2
38 5
14 12
55 20
68 5
10 1
31 2
25 12
56 19
53 12
89 1
90 15
27 19
95 9
82 9
96 20
35 16
100 20
21 1
19 2
100 4
50 7
77 3
52 14
82 6
29 15
54 17
12 8
78 2
19 11
39 11
21 18
23 6
91 20
43 12
74 12
58 1
28 17
97 11
51 1
98 9
10 12
97 7
87 16
28 6
39 14
16 9
29 18
89 4
83 9
18 10
54 2
26 9
79 9
66 14
77 6
76 13
68 9
93 19
85 9
73 16
71 1
58 7
32 15
39 16
68 11
82 14
28 20
36 18
51 14
90 6
47 14
79 1
36 12
69 19
96 3
26 1
21 7
53 11
71 11
27 17
20 13
99 4
75 8
29 20
30 16
25 15
50 12
30 13
37 6
56 12
19 13
64 15
65 8
87 3
12 15
61 9
46 7
42 6
28 9
68 14
26 13
68 10
50 6
20 10
12 6
70 19
85 4
23 2
19 13
40 16
18 6
59 17
11 16
32 19
86 16
98 16
86 9
45 9
76 12
38 20
96 2
84 16
86 1
63 4
66 11
80 20
63 3
70 11
31 8
78 19
61 5
31 7
58 6
18 13
57 19
21 4
24 6
39 15
51 5
50 15
20 13
70 7
10 2
31 4
49 5
11 8
49 10
27 5
90 7
66 1
30 16
62 19
88 10
72 14
33 19
14 6
56 4
32 14
86 17
24 2
74 6
92 20
81 7
75 10
54 17
85 18
85 5
10 5
50 10
61 8
100 16
21 8
54 11
64 4
86 11
24 2
95 3
66 8
82 11
93 3
66 4
13 11
65 15
64 12
100 10
85 7
51 4
82 4
95 15
97 1
77 6
45 4
83 13
79 10
41 3
25 16
39 12
91 12
13 8
48 20
89 5
20 10
70 18
65 18
92 1
26 11
53 8
100 13
48 5
53 13
80 3
70 14
65 3
45 15
70 1
99 19
25 5
56 14
19 17
52 6
90 18
75 5
50 12
100 9
34 13
63 16
84 9
49 8
44 2
18 18
86 1
12 4
40 8
90 17
44 10
19 20
35 16
38 3
85 10
88 2
71 4
24 10
29 3
54 2
66 20
96 13
85 15
35 14
54 15
58 12
87 19
66 15
25 16
33 8
97 17
92 2
81 3
20 18
45 9
34 14
67 11
11 3
77 19
27 10
82 12
59 20
58 16
29 3
47 19
41 2
28 6
48 8
30 11
75 11
53 6
13 7
79 5
97 4
38 10
84 19
77 16
98 17
99 1
24 9
67 20
28 13
11 17
65 9
78 9
78 12
80 7
92 9
85 2
100 18
55 10
69 5
46 6
29 10
88 7
59 2
78 20
69 5
53 19
64 15
53 17
77 4
84 16
11 9
67 4
56 19
32 2
100 4
88 18
70 3
65 19
48 11
93 17
21 2
69 12
87 7
35 16
65 18
72 20
57 7
86 19
29 10
67 13
93 4
29 4
98 14
67 18
21 9
89 1
70 16
62 7
43 20
27 11
40 8
56 9
64 5
57 16
86 7
62 13
76 11
50 10
37 17
39 3
10 14
26 17
86 12
75 11
59 10
76 5
21 3
64 12
97 2
96 1
38 8
77 14
37 17
34 5
58 17
21 1
43 2
66 14
82 3
47 8
94 18
25 12
94 9
99 8
75 5
39 6
95 16
36 19
34 16
70 4
33 11
96 8
67 1
11 2
100 17
95 13
100 1
31 12
86 13
58 12
26 2
41 12
93 20
64 9
99 16
35 4
80 16
77 20
49 7
92 13
91 18
89 11
61 3
90 10
87 13
74 18
55 7
38 12
38 9
52 2
50 4
66 14
34 7
47 12
70 4
53 8
45 16
14 15
50 6
53 17
49 4
77 1
23 6
47 8
64 3
89 8
82 6
35 11
43 3
88 10
41 14
99 17
77 18
63 7
88 16
99 4
72 6
89 3
60 14
99 4
86 13
37 2
62 12
73 8
71 11
13 5
21 1
69 14
41 5
71 4
42 12
31 9
23 19
38 16
91 3
34 16
67 20
31 19
82 7
50 10
18 19
76 17
93 6
43 6
81 6
15 19
95 6
24 6
72 11
34 9
54 16
100 4
17 10
26 11
98 8
38 13
35 1
54 5
72 13
83 12
26 12
30 3
50 3
83 3
59 8
99 9
13 2
70 13
26 16
10 10
28 16
53 12
52 1
27 6
61 20
38 16
56 14
41 15
11 20
33 13
62 8
87 19
53 9
87 2
39 8
27 1
47 4
65 13
62 18
85 10
24 15
52 20
67 1
80 15
77 7
89 14
46 13
17 10
35 8
63 19
57 4
37 5
83 6
17 12
86 4
54 14
84 8
64 2
49 9
47 5
14 1
32 5
48 7
95 3
71 7
21 5
16 3
68 2
87 13
47 13
98 8
63 12
45 7
64 10
36 19
29 14
40 14
20 9
49 1
36 8
24 6
62 7
40 3
92 13
31 3
75 5
56 6
91 13
53 2
58 16
58 9
16 5
29 5
26 17
10 11
15 7
63 7
82 15
12 14
70 3
15 1
37 13
65 16
49 15
90 1
28 20
15 14
81 20
92 2
27 10
21 19
88 9
36 4
58 13
73 16
85 11
43 3
56 2
32 11
95 6
68 19
28 14
24 1
39 10
11 4
62 2
52 18
93 5
32 9
64 12
60 10
75 1
79 14
75 10
97 19
85 14
64 14
12 17
22 12
13 3
98 10
78 15
57 6
65 20
31 15
98 19
29 15
16 14
40 1
78 8
95 7
44 14
24 5
60 14
38 13
12 15
32 12
50 20
58 19
37 9
26 17
13 7
76 8
40 4
45 11
53 19
12 12
25 18
66 10
84 3
79 16
61 4
44 13
97 12
15 6
25 3
16 9
37 8
52 16
96 7
48 16
27 1
89 7
27 12
30 13
15 12
45 1
86 12
36 10
88 16
58 12
21 19
99 3
17 10
97 6
29 13
62 3
20 1
82 11
58 10
67 19
72 17
14 10
98 13
14 4
58 14
97 10
68 20
33 10
43 5
70 10
96 4
15 1
63 6
52 20
61 14
20 4
22 14
82 13
70 5
35 13
62 19
90 10
89 3
38 20
76 15
60 1
88 10
80 5
53 11
56 18
86 19
62 15
35 2
44 16
22 17
14 15
49 7
71 4
72 13
34 2
53 9
12 1
93 7
85 11
39 19
29 18
45 17
10 3
89 10
97 9
64 18
11 7
14 5
93 6
79 20
20 16
97 6
24 2
24 18
61 18
85 9
86 20
66 17
100 14
93 5
39 9
67 20
100 9
92 15
84 17
91 5
100 7
92 17
79 12
80 12
35 14
52 4
42 17
23 15
66 1
37 8
32 1
78 9
38 3
86 9
79 4
53 6
44 6
77 11
20 20
30 1
25 6
70 5
45 14
96 20
18 2
96 15
87 4
86 9
32 18
27 16
14 16
58 3
48 17
98 7
15 5
95 2
77 15
80 6
54 14
49 19
55 20
35 11
58 8
66 18
94 1
82 12
81 10
53 14
18 11
100 2
100 4
94 17
72 4
58 5
87 7
30 2
30 12
27 5
45 7
98 5
44 11
39 18
99 4
75 8
96 19
81 2
36 5
60 14
91 17
12 16
63 1
16 8
21 1
15 16
67 17
37 17
42 9
16 16
10 16
93 8
86 16
53 16
48 10
32 12
56 3
83 12
80 11
43 18
29 6
44 20
32 20
52 4
95 15
64 12
72 2
15 6
22 9
63 4
97 2
44 2
16 7
100 14
38 10
53 17
66 16
87 6
48 17
98 19
33 13
67 4
78 11
35 15
88 1
38 11
29 9
25 5
77 9
18 2
39 9
100 1
84 19
45 20
91 8
80 5
82 1
62 9
16 12
100 1
35 6
68 5
83 6
16 8
16 17
74 6
32 18
96 20
29 17
40 8
47 1
49 7
84 16
93 12
50 4
43 20
87 15
98 19
78 17
26 7
22 18
79 12
25 20
91 7
99 12
81 19
21 19
41 7
81 9
46 4
90 16
11 13
97 12
68 8
66 6
32 3
18 19
28 14
82 8
82 8
45 6
22 16
48 3
81 4
19 13
30 6
42 6
86 18
46 10
34 10
70 13
40 16
53 7
42 2
50 12
82 19
37 1
40 19
10 19
54 4
61 13
17 20
36 11
12 16
18 18
15 13
18 20
67 11
31 7
90 7
62 12
23 13
92 19
68 11
45 15
49 2
31 13
41 3
51 19
63 1
51 3
82 7
37 17
74 19
47 10
74 1
24 10
19 16
25 5
20 10
81 3
36 17
95 19
22 8
94 10
52 2
96 11
25 17
83 18
67 13
61 7
13 17
11 9
14 10
12 4
97 1
85 19
98 16
53 9
100 7
42 14
43 11
34 8
51 4
90 6
21 16
30 13
84 19
59 18
39 17
14 10
74 4
83 8
93 15
89 8
87 2
18 1
17 11
24 2
89 2
61 18
52 5
32 11
42 7
58 14
21 16
54 6
48 15
91 1
62 2
71 14
22 4
45 10
54 4
13 15
38 17
56 14
89 7
40 7
32 8
94 18
21 19
16 9
50 8
84 11
19 20
25 19
20 2
15 3
29 14
46 16
36 5
73 13
41 15
97 7
32 2
47 3
64 5
39 11
48 5
66 15
95 3
54 13
45 12
75 4
75 15
89 2
85 14
11 8
25 19
71 20
12 18
97 12
86 12
64 19
22 6
77 16
56 13
85 11
72 7
74 14
46 19
10 18
26 9
32 19
34 5
43 5
55 16
30 7
42 2
55 9
89 10
12 6
39 12
36 4
90 14
24 4
60 10
97 11
91 4
53 5
46 5
88 14
51 11
61 7
16 1
45 5
26 2
54 8
53 10
78 18
57 1
41 6
50 12
66 8
66 11
100 9
47 2
50 6
51 19
44 1
25 20
71 11
60 17
89 11
97 1
89 20
75 3
75 18
25 3
89 11
32 11
87 2
76 16
40 12
62 17
94 7
34 9
40 17
94 4
27 6
47 12
38 16
38 9
42 5
20 13
61 18
68 3
56 9
76 15
89 11
22 8
84 15
23 4
42 19
49 2
47 2
64 11
14 6
86 20
45 5
15 2
93 13
17 2
83 19
11 4
68 2
49 16
70 2
27 10
95 2
87 16
31 18
79 3
31 15
95 14
91 12
54 17
44 14
90 8
22 3
22 8
39 4
56 9
48 17
37 13
27 6
13 5
64 16
36 2
15 2
25 7
82 2
39 3
48 4
59 5
66 10
22 6
71 7
96 1
14 12
83 10
50 12
87 15
79 19
26 7
11 18
37 6
85 13
54 18
94 14
63 8
21 17
56 12
83 10
65 15
74 8
42 15
35 8
48 10
62 5
88 3
19 16
39 4
11 4
24 4
75 15
97 4
71 7
47 10
49 12
76 18
76 9
87 4
19 6
98 18
82 14
17 2
14 20
59 18
77 2
29 2
11 7
48 13
95 9
79 8
54 19
47 1
81 5
26 9
36 14
33 6
85 9
89 12
19 14
25 6
72 4
71 10
37 14
54 18
93 4
35 17
80 3
75 10
90 3
88 7
77 4
39 6
95 13
97 1
24 7
67 17
18 11
61 4
19 4
78 6
64 1
36 12
79 17
43 15
51 4
44 12
21 9
71 16
46 16
53 13
95 18
11 19
73 7
78 18
91 2
26 19
19 20
48 13
54 15
18 2
61 3
31 18
14 12
18 10
98 10
49 15
13 11
73 3
76 6
70 6
77 9
25 5
78 10
63 3
62 1
66 20
34 4
74 8
78 13
40 12
94 11
67 2
33 14
57 20
58 18
13 3
32 5
19 8
12 16
61 18
86 11
54 17
12 4
85 16
54 8
62 13
69 13
61 4
90 1
24 4
53 6
20 8
50 13
41 2
22 18
81 16
87 18
16 8
90 19
80 1
40 19
70 18
54 11
28 19
95 9
16 1
95 5
10 3
89 19
59 18
23 20
84 2
96 2
10 17
62 15
78 3
55 20
50 13
55 6
90 3
68 9
19 20
19 8
40 10
38 14
66 20
58 5
93 2
93 16
100 19
38 17
89 7
90 13
86 15
12 10
73 4
58 5
70 13
67 17
65 6
18 6
61 13
58 2
35 10
15 19
77 2
68 10
38 4
35 20
39 12
71 7
99 3
98 4
57 12
81 10
100 5
25 3
20 18
66 17
38 18
44 12
93 18
26 9
45 13
31 5
44 17
19 4
43 18
23 3
88 12
48 7
39 17
73 15
49 12
67 5
66 1
65 20
89 8
82 15
40 3
87 10
71 5
25 8
49 12
27 6
48 18
65 18
65 3
87 10
60 1
98 11
46 7
70 6
83 3
87 12
26 5
82 5
41 13
83 5
31 5
56 6
48 5
67 11
23 3
11 16
42 11
49 12
84 11
65 4
73 2
38 3
81 20
100 7
95 11
58 20
72 4
35 20
34 11
26 16
29 19
96 13
60 13
72 6
92 2
10 11
26 1
78 8
33 2
75 14
48 4
99 12
63 13
62 5
95 6
97 9
47 5
51 15
55 10
96 20
21 11
36 19
96 18
92 14
95 5
81 19
96 4
78 2
46 15
21 15
19 19
30 9
16 6
71 12
40 12
43 18
81 3
40 16
93 10
88 8
57 13
54 18
85 18
66 9
61 4
15 9
27 14
97 7
79 3
10 6
17 2
21 12
29 20
62 9
29 8
88 16
77 19
67 2
65 4
90 16
87 8
55 12
22 6
37 3
83 5
79 16
90 8
48 18
68 4
76 19
39 1
25 17
48 7
99 6
30 6
98 10
89 16
25 15
69 17
18 20
98 9
55 7
82 4
84 17
39 15
39 20
38 1
96 14
89 16
41 17
29 4
70 2
31 20
68 5
71 15
85 2
62 4
10 8
66 20
85 1
49 13
73 8
73 10
98 14
68 18
66 3
25 14
51 1
85 13
74 7
49 7
63 8
49 8
87 18
59 5
77 19
73 2
67 19
55 7
96 19
51 5
23 13
16 19
84 19
93 15
76 15
19 6
92 20
74 10
54 19
48 8
86 1
19 8
33 12
81 6
23 5
63 6
37 3
71 11
18 16
21 7
65 5
56 19
69 13
58 11
100 4
17 17
39 11
73 17
97 20
71 7
99 4
60 13
24 4
70 18
45 2
70 6
24 15
95 12
94 9
73 11
39 12
32 1
64 10
73 12
71 12
43 19
11 2
87 11
85 12
29 19
18 7
82 9
100 20
64 20
85 11
10 20
45 19
81 13
17 14
79 20
77 3
47 18
87 2
53 17
86 4
90 8
62 5
76 11
40 10
30 3
67 1
83 11
12 2
76 2
28 4
34 7
93 7
54 9
41 3
11 17
53 15
31 9
56 17
39 6
84 10
53 13
36 7
23 3
69 9
27 11
27 17
100 19
50 9
56 14
77 15
81 2
17 10
35 18
29 19
77 19
18 4
26 17
43 10
42 6
31 3
54 13
47 2
85 6
71 14
73 16
51 11
27 6
87 18
99 2
63 10
27 19
20 12
45 11
52 9
25 19
95 11
41 19
25 20
89 3
35 13
18 17
61 9
95 4
96 7
18 12
87 17
34 17
63 13
86 6
11 2
43 6
70 18
25 2
43 3
91 10
24 11
80 12
77 10
27 16
33 13
87 8
43 16
16 10
93 16
100 6
22 3
88 12
59 19
16 5
52 17
27 7
14 10
12 10
95 15
50 16
23 14
12 9
47 4
96 18
47 3
89 15
34 13
59 3
56 6
95 18
56 4
79 5
24 18
100 10
75 2
12 20
24 12
88 20
93 8
95 7
58 16
90 7
90 5
69 9
60 6
76 13
87 11
30 20
13 8
37 16
84 2
83 19
27 12
47 6
26 16
16 1
11 1
65 11
23 20
87 11
82 17
31 8
48 10
53 15
73 1
20 2
53 11
30 2
54 3
42 15
38 18
85 1
20 3
25 19
40 2
17 4
97 5
45 20
77 8
36 3
47 10
18 3
100 17
27 4
62 2
85 8
83 1
94 15
54 7
33 20
71 6
25 10
83 5
83 5
16 10
96 11
48 19
53 5
11 5
11 13
73 17
80 3
73 6
57 14
55 13
63 4
93 10
58 8
55 15
72 15
38 9
52 6
48 1
43 14
27 10
10 9
26 12
90 14
35 9
23 2
93 12
70 20
40 17
46 3
41 10
70 16
35 11
31 6
11 7
31 4
70 12
98 20
66 1
56 16
83 18
93 15
71 19
14 20
48 12
67 7
28 14
35 18
78 14
32 19
45 6
76 7
27 10
26 12
31 16
38 6
44 13
40 12
17 3
92 17
21 13
59 1
29 3
90 2
75 2
87 4
64 5
77 17
84 4
58 20
63 5
86 20
71 5
70 8
88 7
11 17
33 3
24 5
27 18
99 12
46 6
22 4
91 13
37 14
86 16
32 5
27 9
98 17
39 17
37 14
25 9
26 8
72 8
61 13
59 1
93 8
96 2
74 4
87 19
82 17
20 11
77 12
83 13
73 6
46 13
29 1
74 6
37 5
72 13
38 15
59 1
31 18
47 15
100 9
95 12
57 4
85 12
74 15
97 19
17 10
63 8
17 2
26 16
54 1
53 8
18 8
72 19
61 8
42 12
66 4
51 5
56 11
62 12
77 3
96 3
97 14
72 12
82 16
93 11
43 11
59 18
65 4
95 2
79 12
73 16
36 1
72 20
67 18
36 17
17 10
60 2
62 10
66 7
49 16
28 9
45 3
55 7
19 18
40 15
78 3
67 11
42 12
11 14
82 18
28 18
47 13
50 17
74 9
98 8
13 13
13 6
30 19
68 11
77 6
64 3
83 3
46 7
94 7
46 9
33 11
45 5
74 6
82 9
16 15
36 10
87 15
27 10
71 6
61 3
52 18
95 11
52 1
84 9
89 9
47 19
10 7
31 16
30 20
90 13
92 2
37 11
58 11
39 16
79 15
67 15
56 7
63 8
45 12
77 7
58 8
13 19
23 9
19 16
41 11
12 7
94 10
63 19
72 11
30 20
80 11
24 6
95 7
55 18
10 9
82 17
17 17
11 9
19 18
83 15
10 3
95 14
10 11
23 13
98 19
52 17
100 20
25 8
96 18
73 9
10 16
73 3
75 18
50 10
27 18
86 6
56 4
88 18
36 10
85 9
25 11
73 11
52 3
83 7
29 3
62 4
39 8
39 14
48 2
24 1
83 6
44 18
28 8
32 4
52 6
43 16
24 15
26 6
63 8
15 11
66 10
72 5
88 19
88 20
28 19
55 18
88 12
51 12
85 1
84 20
46 7
68 18
79 1
36 7
58 4
35 6
86 17
69 13
40 1
100 18
63 17
18 19
17 10
88 3
82 15
59 3
76 8
25 11
81 13
77 20
15 8
95 11
75 17
39 10
68 14
39 2
93 6
75 5
14 8
39 11
95 9
45 6
43 2
52 11
46 19
94 7
73 7
24 7
89 6
39 7
11 5
52 13
27 15
99 6
18 16
16 9
100 10
52 12
99 18
39 17
96 18
60 7
39 12
100 11
94 3
17 15
65 11
81 16
58 16
83 7
13 20
65 4
50 19
39 20
37 16
87 12
77 7
57 8
30 12
50 7
66 18
87 6
66 9
57 1
11 8
79 6
89 9
75 18
45 9
57 14
53 10
67 3
81 19
30 8
17 1
64 18
68 4
48 5
33 10
75 19
20 11
42 3
89 13
81 17
100 19
70 4
27 14
100 13
40 20
59 14
35 1
98 4
58 14
40 16
32 17
99 10
23 8
24 9
77 11
97 17
96 10
60 5
98 15
53 14
10 6
23 7
35 19
86 4
44 2
81 19
35 10
81 6
93 17
48 15
16 15
17 6
49 14
34 17
29 9
47 11
34 6
74 15
43 11
31 15
37 9
93 13
27 10
11 19
28 17
60 1
70 17
74 13
76 4
67 6
20 9
17 18
26 20
92 4
62 8
92 19
69 4
53 15
96 15
77 5
53 10
45 16
59 2
91 1
49 16
77 5
47 17
40 6
19 18
52 11
13 8
14 18
27 20
23 8
76 20
37 6
60 14
48 19
88 6
65 18
90 18
63 20
17 19
51 13
68 5
72 17
59 12
64 2
88 16
55 1
63 1
27 16
24 1
84 5
78 9
78 4
11 8
60 19
74 19
35 20
73 16
44 14
19 1
36 17
54 14
32 15
22 4
47 12
97 9
32 14
59 9
45 7
45 14
25 17
99 11
45 15
40 9
33 1
50 20
88 11
20 5
80 12
66 9
70 2
80 10
70 16
18 4
41 2
43 4
77 13
81 19
83 5
28 14
79 15
85 6
75 4
72 4
13 6
98 11
69 6
88 13
74 14
18 1
48 4
20 2
84 4
72 6
58 8
18 6
40 20
75 11
13 15
44 1
51 9
94 9
97 18
37 5
58 8
100 14
16 2
66 1
16 5
70 1
55 1
22 20
12 14
38 10
64 14
14 12
84 9
41 19
16 7
78 12
26 3
66 14
88 17
81 20
12 1
59 5
32 17
77 1
79 17
38 10
44 12
41 1
36 12
63 5
72 3
93 18
98 5
25 16
56 8
54 6
33 9
37 13
80 17
38 8
48 10
37 11
18 15
83 10
61 1
81 2
84 9
21 12
14 5
84 2
22 18
37 17
91 4
49 1
65 18
15 1
74 8
68 1
75 18
32 11
63 11
63 10
19 3
81 2
58 18
100 2
79 7
14 10
72 6
33 8
34 11
49 8
13 16
37 3
95 7
17 15
29 6
92 3
67 18
15 12
58 5
98 8
54 16
22 11
56 8
98 8
21 17
66 14
48 2
91 13
67 1
39 11
70 17
62 13
13 9
44 4
82 7
45 2
86 13
77 14
19 11
43 19
84 16
99 13
36 15
11 5
11 19
17 16
62 5
36 13
48 3
88 1
75 7
89 3
11 9
48 16
46 7
28 13
89 19
81 10
92 7
53 11
77 1
16 17
80 20
37 3
12 18
33 3
94 17
61 18
88 19
54 6
35 3
51 5
78 8
76 8
57 9
45 7
31 17
93 11
78 2
19 10
42 9
21 9
64 13
13 4
49 14
55 1
90 18
65 4
70 5
100 9
44 19
41 11
82 8
50 18
62 9
47 19
88 12
46 8
77 16
99 16
21 4
83 8
27 18
75 11
95 15
71 14
55 11
93 2
77 16
73 11
46 16
10 14
39 6
72 9
83 8
86 16
86 18
73 13
15 11
47 14
16 1
51 14
22 8
85 17
40 6
58 10
76 11
58 14
47 13
58 13
28 7
70 18
97 19
77 17
88 14
42 5
95 17
54 10
60 13
60 1
18 9
47 18
94 6
34 5
69 20
65 2
53 15
56 7
100 6
41 13
91 20
36 9
15 4
89 3
61 19
79 7
51 18
70 3
17 2
21 19
29 8
69 12
50 11
25 7
13 2
41 17
88 18
64 9
34 18
74 16
41 19
79 19
30 4
59 15
33 13
48 13
60 3
44 6
48 15
35 12
41 18
88 2
34 3
83 11
16 12
90 19
26 2
43 5
57 12
28 13
95 4
63 7
35 2
35 11
45 13
88 10
75 5
87 15
95 20
43 9
59 12
92 12
66 12
52 11
87 11
40 13
78 2
15 7
81 15
30 18
85 11
47 4
61 11
16 17
100 9
41 8
98 5
80 12
18 16
12 18
53 17
27 18
96 18
53 6
74 13
82 16
38 13
88 5
64 9
98 3
65 9
11 4
27 1
12 2
93 14
48 12
42 2
87 11
53 11
99 3
48 2
19 18
74 15
60 15
49 18
37 6
53 13
74 14
21 2
40 19
23 12
57 2
65 5
35 4
49 18
91 19
57 2
34 2
59 8
54 6
29 15
23 7
89 20
46 19
46 5
24 11
72 15
50 7
71 6
41 15
55 5
99 11
55 3
58 8
54 8
29 17
90 11
94 5
46 7
72 17
25 15
99 16
80 7
96 9
51 4
71 5
78 14
58 18
78 2
54 14
82 7
26 12
15 4
93 16
53 13
79 16
74 7
13 5
85 12
57 3
78 8
79 19
82 20
37 4
22 8
97 12
27 12
96 20
70 5
24 2
61 14
50 19
26 1
98 7
85 13
23 2
55 5
57 8
54 8
32 10
61 16
76 8
27 12
35 6
71 2
29 15
91 14
52 2
53 14
27 13
52 3
65 20
52 15
93 7
42 7
45 3
52 2
41 9
100 7
71 7
89 12
28 1
63 17
57 5
43 15
11 9
19 1
92 9
47 20
39 13
65 1
13 12
37 5
13 20
14 10
95 12
21 16
55 6
46 8
100 14
92 4
79 6
37 19
84 8
71 10
42 9
74 10
40 11
98 16
53 16
73 8
15 17
28 11
51 9
75 20
13 17
79 6
23 14
92 6
41 11
22 12
97 5
44 1
52 8
39 18
99 14
96 6
14 2
16 11
74 5
37 1
54 15
97 16
47 4
68 9
56 20
50 15
52 19
59 20
11 10
67 2
61 5
45 3
95 15
91 6
61 8
66 10
82 15
94 14
66 6
70 3
36 3
64 12
86 5
20 17
47 20
52 7
94 17
77 20
49 13
62 19
36 8
85 5
90 11
38 4
31 7
31 6
73 14
60 6
36 11
92 8
68 17
91 1
65 2
51 10
96 19
13 18
35 8
98 20
30 10
77 7
65 10
18 19
61 1
43 10
31 3
50 12
81 16
78 6
45 19
80 16
82 3
82 5
30 6
24 17
19 10
64 19
96 8
100 17
31 3
69 17
83 16
76 8
32 19
69 7
30 19
91 9
67 15
89 8
50 19
75 8
54 20
22 3
78 14
96 18
66 15
86 8
52 8
65 3
13 12
21 13
52 9
12 5
13 6
92 6
55 20
86 8
79 14
97 14
20 18
88 9
53 9
80 15
27 9
30 9
100 10
92 20
59 20
45 4
91 16
15 11
21 7
86 3
23 9
52 15
92 5
90 7
95 5
62 10
49 15
26 18
65 3
65 8
21 17
56 7
37 10
43 4
67 9
31 15
43 2
33 9
76 16
55 8
51 1
52 6
87 7
70 4
77 16
81 11
95 3
11 1
93 1
13 17
99 8
45 6
23 18
20 14
14 6
79 17
100 17
61 14
47 18
91 11
66 17
92 19
50 2
20 18
20 17
83 20
96 3
81 11
83 20
70 19
61 9
56 2
70 13
73 8
35 12
26 6
50 19
56 20
80 1
19 13
30 5
14 2
32 19
30 13
92 14
31 4
32 7
99 2
89 5
31 1
17 4
34 19
95 17
80 19
39 6
48 18
47 9
96 10
96 9
11 19
70 17
91 3
62 9
99 4
37 14
34 4
65 15
62 16
18 17
67 4
51 16
50 12
39 19
34 13
100 4
27 7
36 11
46 18
34 17
41 18
59 2
54 14
25 7
73 7
16 15
12 14
45 15
13 3
83 7
35 19
81 3
16 2
76 16
85 6
78 13
91 16
83 9
66 20
70 17
100 12
23 4
67 3
18 4
50 9
30 10
93 4
92 17
14 11
97 11
47 3
50 4
100 16
35 10
66 5
27 19
31 9
82 19
27 8
56 4
12 13
61 3
14 2
65 10
45 9
88 20
35 17
95 15
88 20
73 20
78 18
15 16
53 16
33 1
44 12
57 2
74 7
26 13
19 8
40 4
14 1
65 17
98 1
55 19
52 16
31 15
49 2
41 10
70 11
27 14
41 10
68 3
86 18
24 6
69 17
53 16
82 16
46 17
77 3
59 9
76 1
46 10
33 12
35 13
68 6
66 2
82 4
16 18
54 10
44 19
55 5
65 8
54 14
33 9
90 7
85 1
16 14
93 4
81 12
56 9
12 20
74 19
60 1
25 11
46 20
45 10
90 1
93 4
46 6
50 17
20 13
59 4
36 12
70 3
16 18
39 17
74 1
55 6
65 2
82 1
100 3
71 19
14 17
53 14
50 13
33 15
45 20
33 17
17 13
38 14
20 14
91 12
28 14
65 18
45 8
86 12
49 10
11 13
29 5
13 7
61 15
96 12
38 1
15 20
54 9
95 13
71 4
76 6
83 2
58 10
78 17
45 14
82 2
80 8
64 5
26 18
38 9
38 19
76 14
35 14
15 15
91 6
13 14
92 12
38 3
55 8
36 18
39 3
31 20
81 19
91 18
75 20
62 5
14 10
41 8
55 10
62 5
87 13
77 11
26 7
55 2
91 16
57 7
97 7
26 9
12 14
72 12
84 2
59 15
84 6
99 19
88 15
96 12
78 10
50 3
36 3
77 7
30 14
94 15
69 8
76 14
91 8
55 18
70 16
40 3
30 14
27 12
38 12
81 12
67 4
40 9
67 1
63 9
23 18
96 18
58 8
43 10
29 1
24 12
55 3
71 14
44 12
22 13
36 4
26 11
42 11
32 18
18 11
74 10
83 3
82 11
92 2
54 2
73 17
30 6
54 1
14 2
72 1
59 5
69 2
58 17
81 1
28 12
83 9
40 7
32 2
48 14
25 17
74 3
23 19
89 14
88 4
85 8
66 5
96 20
42 5
26 4
71 13
17 20
98 10
38 7
36 16
43 4
13 15
98 15
33 19
46 18
89 17
93 14
26 11
43 10
87 16
77 14
39 8
62 2
98 19
12 15
20 14
37 15
21 8
64 20
82 10
63 14
77 14
83 15
74 16
74 18
61 20
52 13
31 14
94 20
97 6
23 13
26 17
44 6
76 10
95 16
44 14
31 15
51 2
96 15
36 15
83 7
97 8
49 19
14 6
89 8
59 7
72 20
24 13
15 16
39 6
49 8
63 7
80 3
14 8
87 6
52 11
39 3
54 14
66 5
65 4
49 19
53 17
47 4
79 17
11 18
47 13
71 20
71 9
71 1
12 5
81 13
96 20
44 19
89 16
38 7
81 9
72 15
55 15
50 17
35 10
85 7
55 11
19 4
50 3
60 2
100 17
42 1
14 9
51 18
16 10
47 1
51 3
26 3
42 14
80 6
14 7
32 13
46 2
78 6
32 18
73 20
11 3
37 2
91 14
25 12
100 5
88 17
66 13
30 4
57 14
52 5
37 7
33 18
32 17
29 18
78 8
63 14
74 12
52 14
86 17
85 13
13 16
39 18
55 8
91 19
56 12
24 17
39 19
48 9
62 19
19 9
64 16
58 9
32 6
40 11
83 4
39 8
79 9
64 5
68 17
97 2
56 20
36 3
72 13
19 9
28 6
25 16
84 12
53 13
88 6
61 18
81 8
48 11
83 2
58 17
43 20
24 12
12 8
42 15
18 19
68 19
14 1
25 19
99 12
48 12
57 2
72 20
47 9
47 6
29 3
18 2
62 10
96 14
96 18
94 4
18 3
78 10
38 18
36 2
49 17
42 12
57 3
70 18
84 7
13 11
22 10
36 3
80 7
97 7
100 20
96 17
42 18
52 2
31 3
83 19
17 19
36 18
53 2
74 8
51 9
84 16
10 17
48 13
58 10
52 13
50 1
67 2
22 9
20 2
72 4
94 17
34 20
50 1
55 19
62 3
16 11
61 8
49 18
78 9
47 9
87 7
17 1
38 19
71 7
76 17
46 17
40 12
41 12
45 13
68 19
46 20
24 16
38 9
44 9
53 4
38 4
29 10
64 2
46 20
34 1
54 9
78 1
54 7
21 5
62 18
28 5
78 15
80 17
44 10
100 2
54 5
52 19
31 7
33 20
77 5
91 6
20 5
73 15
50 3
15 11
51 11
43 7
58 19
17 8
63 15
49 5
33 9
97 18
83 19
12 1
90 7
37 5
55 1
28 14
92 4
69 18
10 10
90 9
70 17
18 4
90 14
36 7
70 15
46 19
61 10
44 14
75 10
47 8
46 10
52 9
44 19
43 16
94 18
82 9
46 2
81 19
88 11
41 12
85 16
74 14
93 20
43 6
56 8
18 15
67 19
23 5
63 15
35 6
56 12
28 4
77 19
46 3
96 12
86 6
34 4
31 12
26 18
69 17
76 15
75 2
33 17
85 11
13 14
37 16
44 10
92 12
82 16
24 5
18 19
67 20
15 6
67 14
62 16
40 13
47 19
66 6
76 20
95 4
31 10
90 14
57 5
74 15
24 2
17 15
13 16
50 20
15 6
89 13
91 8
56 6
92 8
75 8
88 2
35 12
47 19
64 14
50 5
86 18
58 6
46 14
69 19
41 14
67 9
33 14
56 10
41 3
38 13
51 16
24 16
10 2
11 3
31 9
22 20
26 13
29 12
37 7
53 18
54 8
25 17
26 12
46 20
91 18
47 15
89 16
42 12
30 4
36 20
64 14
49 13
81 11
35 17
28 8
15 1
33 17
69 2
38 19
33 4
77 12
71 16
90 16
44 13
73 20
79 6
57 20
80 15
52 3
47 20
86 19
90 9
61 1
59 1
24 11
17 17
34 18
70 8
99 4
31 5
53 3
56 17
82 8
11 13
98 7
99 12
36 20
14 1
19 20
76 11
80 6
81 8
14 10
41 15
88 12
16 1
76 10
91 3
23 18
61 16
28 17
67 2
64 1
66 5
11 3
93 5
84 14
68 3
63 14
69 11
65 14
58 10
61 1
48 12
32 2
60 8
12 17
76 19
18 20
38 9
14 1
63 15
84 9
25 11
34 19
44 7
30 7
50 14
62 15
35 18
94 7
73 18
77 9
65 10
92 2
26 19
30 5
37 13
67 14
80 5
20 10
83 6
12 3
26 10
53 18
79 14
15 1
83 4
60 12
28 1
89 14
90 2
54 12
79 9
76 20
37 7
82 15
15 7
30 13
36 6
70 10
20 8
35 1
48 20
55 6
13 11
10 12
82 5
18 3
50 9
68 20
64 12
85 19
100 8
89 10
19 3
45 15
62 3
81 11
69 18
69 8
93 6
37 16
79 20
85 4
52 17
81 3
47 4
49 10
91 6
51 8
49 16
39 5
25 3
49 12
28 11
94 17
26 11
31 2
48 13
68 14
58 14
70 11
94 12
52 20
13 18
35 11
57 13
46 4
80 4
69 20
44 19
65 14
20 13
18 8
99 2
66 4
65 13
63 16
78 15
63 1
79 4
16 11
29 2
15 20
32 11
67 13
97 3
15 5
25 20
79 4
95 13
81 7
42 20
31 16
12 10
36 6
86 17
17 4
57 16
24 5
74 5
51 12
33 4
56 17
66 10
22 5
59 13
95 18
69 8
11 14
65 4
57 13
33 20
93 17
87 11
42 18
33 12
43 15
97 19
65 6
49 7
41 8
40 11
25 17
18 15
97 8
61 4
11 10
78 19
19 2
62 5
30 12
10 19
77 8
85 9
26 7
42 5
67 18
13 1
89 2
76 5
41 11
33 9
49 11
95 19
71 1
76 7
90 15
92 13
95 12
77 6
83 1
19 5
67 7
98 19
38 14
50 11
49 20
17 16
72 1
83 13
85 11
65 16
80 8
92 1
37 18
73 12
72 10
84 4
21 3
35 8
90 16
21 6
76 14
22 13
23 4
79 5
31 13
100 17
39 17
15 12
30 18
24 10
95 20
48 1
75 18
41 9
83 13
17 17
11 16
40 17
23 14
22 14
97 13
82 15
87 1
34 11
73 3
78 20
100 13
53 3
89 18
54 4
48 5
78 6
22 14
95 12
29 3
94 1
82 17
91 18
79 9
29 12
29 1
75 14
88 13
82 3
72 3
49 14
31 16
96 11
18 11
96 18
14 18
90 16
86 4
86 10
16 8
43 2
72 4
62 19
28 11
66 5
22 13
89 5
93 3
23 9
18 7
82 18
95 19
77 19
95 3
23 14
54 6
91 10
81 1
19 13
17 1
59 6
54 4
82 15
37 3
15 19
22 10
24 17
73 17
76 17
62 20
56 1
86 8
52 3
47 8
51 13
91 15
67 17
80 11
57 16
93 16
20 19
14 8
48 7
14 10
45 15
90 15
19 15
85 17
54 11
67 10
45 4
64 1
58 4
67 20
87 17
54 14
52 10
48 14
51 17
23 14
30 12
49 3
82 19
85 20
11 3
43 14
89 4
60 20
41 11
23 18
49 12
21 8
93 9
95 19
80 5
20 17
33 2
76 11
74 11
85 3
79 13
79 6
48 9
22 20
68 4
69 18
21 6
81 9
10 2
32 13
15 19
93 5
45 7
73 11
71 12
17 5
71 7
76 1
21 15
85 10
16 4
78 11
49 5
66 9
37 14
69 9
78 20
25 16
27 4
15 15
31 2
19 10
61 2
60 11
58 5
37 16
26 18
52 19
86 13
10 1
77 5
13 6
12 14
44 2
47 1
89 1
71 1
90 18
10 9
100 20
14 1
45 12
84 14
11 13
33 20
18 12
32 5
78 3
57 17
19 12
39 5
97 7
38 18
85 8
71 7
96 18
27 18
48 2
29 5
14 6
53 13
53 2
100 8
73 1
87 11
66 4
77 8
83 3
51 10
68 11
52 2
39 6
71 5
57 5
32 18
77 20
32 8
90 7
27 12
40 2
44 14
58 9
75 11
87 4
39 18
22 17
68 17
66 18
56 2
100 16
82 17
77 10
48 13
12 14
80 2
46 2
73 17
41 2
20 14
39 18
17 11
17 19
46 9
70 6
68 15
50 5
80 16
83 1
93 15
33 1
26 19
73 2
79 7
18 6
37 12
87 10
52 7
65 12
13 2
77 11
52 4
91 1
88 5
66 8
45 14
10 19
72 4
63 20
48 15
83 11
46 6
57 11
18 8
52 10
99 15
70 1
72 16
40 1
63 20
63 16
67 20
39 4
40 18
85 1
20 13
89 5
23 20
68 20
15 2
84 4
51 1
52 12
18 12
55 11
28 11
96 10
26 1
75 2
10 7
48 19
27 4
46 17
99 2
45 11
63 16
26 14
72 15
20 20
79 20
43 8
71 13
70 4
24 5
47 17
61 7
14 1
40 2
66 5
38 1
34 2
52 7
46 5
49 2
48 16
81 14
97 1
19 18
61 17
66 15
94 4
28 3
85 17
22 11
16 5
90 5
79 20
35 13
27 7
66 2
18 19
78 12
11 19
59 14
12 2
90 18
64 11
57 13
76 20
38 3
56 15
39 15
76 11
89 6
76 1
55 8
70 11
97 16
43 1
36 13
41 4
49 11
91 2
31 17
34 10
44 17
99 8
92 15
78 4
10 2
53 16
72 6
76 10
32 18
51 2
10 17
35 3
10 19
32 1
80 18
82 7
46 16
42 15
62 5
53 18
26 9
40 7
38 19
66 6
19 5
46 5
69 15
80 10
28 5
92 2
85 11
37 20
64 7
63 18
47 3
26 14
56 2
48 7
32 17
63 19
87 14
92 11
100 15
89 6
50 16
12 17
54 3
57 11
58 9
70 5
21 17
89 18
38 11
15 11
81 2
55 13
73 13
65 20
26 9
37 17
59 17
82 1
18 15
36 4
13 19
57 1
64 16
91 8
32 8
27 17
56 1
81 6
77 9
22 12
79 13
79 9
32 20
53 2
52 14
71 19
41 20
57 3
81 6
89 2
70 4
67 19
95 13
53 1
64 4
89 14
43 9
38 15
36 6
67 12
15 2
47 13
69 12
25 3
40 19
34 8
31 5
39 3
24 5
14 6
94 8
99 3
96 1
51 3
19 12
69 9
49 18
40 2
51 15
58 10
45 2
29 18
17 15
62 8
66 10
66 14
37 1
11 14
64 20
72 16
76 16
36 1
92 13
21 16
66 1
26 14
42 7
12 1
90 7
59 8
55 9
80 1
44 18
55 8
10 12
75 2
21 4
20 7
100 19
52 12
60 5
50 19
14 12
66 8
32 6
21 8
42 15
67 17
21 1
100 4
17 6
16 11
65 1
80 12
21 19
33 12
28 4
29 17
12 5
96 14
61 5
78 18
44 7
85 14
67 12
86 5
88 18
80 19
90 15
48 4
17 2
52 12
95 8
87 7
64 3
33 11
66 18
64 19
72 8
44 9
68 8
21 17
67 14
46 14
21 12
96 2
57 14
26 18
57 6
92 13
32 12
89 11
49 11
73 7
41 4
53 6
39 13
24 8
53 3
45 11
92 10
80 17
32 1
76 20
84 14
42 17
50 5
88 7
17 20
77 6
75 13
68 12
17 17
100 17
30 12
22 17
84 6
62 1
63 5
91 6
51 20
100 13
12 3
25 17
94 14
66 20
80 7
97 6
70 5
27 19
42 1
63 18
75 13
100 14
64 2
57 1
78 8
74 19
16 16
45 6
26 5
42 14
86 2
10 12
32 14
42 14
18 5
70 1
27 5
78 8
86 13
63 16
57 17
17 17
36 5
31 16
20 3
98 1
22 20
81 4
34 18
80 11
57 3
47 6
94 13
50 11
74 18
79 9
97 12
78 11
77 20
84 7
25 5
52 5
42 11
27 6
56 10
69 12
43 14
45 20
80 19
11 6
76 1
26 15
18 4
52 6
38 10
65 19
80 13
50 5
29 13
46 8
11 8
100 7
43 7
79 17
46 2
33 19
59 6
92 3
49 3
35 18
35 4
36 13
100 6
28 17
11 12
64 11
57 4
40 10
74 5
83 4
35 11
31 8
13 8
98 20
21 16
79 1
53 17
64 18
60 14
26 7
95 17
69 6
36 2
40 9
56 18
32 16
60 18
50 17
61 10
76 5
20 19
30 11
32 14
100 2
72 5
33 10
70 15
46 7
93 2
44 1
37 2
39 3
95 14
80 18
67 5
99 9
46 13
59 5
45 12
55 9
50 7
55 5
84 20
90 9
50 4
52 16
73 9
92 11
46 9
17 8
98 19
27 17
91 10
48 19
11 7
49 11
46 11
94 1
64 13
94 17
43 11
38 12
87 11
12 6
95 6
30 10
13 11
33 2
25 4
52 2
77 3
52 3
28 14
30 3
58 4
44 8
83 12
73 12
79 12
50 18
17 9
74 14
14 12
17 14
54 1
54 4
14 18
23 5
28 8
89 11
41 15
18 17
41 10
80 4
11 10
56 10
54 7
51 18
12 9
60 2
24 19
33 4
72 1
95 11
87 14
23 2
15 11
51 12
92 15
52 1
14 1
29 5
26 8
49 4
76 11
34 8
60 16
72 9
22 12
72 10
10 18
30 10
75 5
43 4
30 3
31 7
31 7
79 1
23 11
77 7
64 18
77 1
59 4
91 18
39 13
90 19
55 6
49 5
92 9
39 10
22 9
87 13
94 7
54 16
43 10
53 12
88 18
64 18
90 6
29 20
69 12
49 20
62 9
25 20
52 13
40 11
25 13
83 20
71 1
97 14
97 5
95 19
87 12
21 4
34 15
12 13
61 18
35 18
25 18
51 20
89 12
26 2
37 5
21 14
86 12
48 12
42 1
12 19
42 1
63 1
51 18
67 5
34 6
29 3
13 15
31 8
79 19
37 2
84 12
30 9
95 4
51 10
82 18
87 16
76 11
22 3
27 16
93 20
82 10
29 8
89 15
39 13
38 10
16 13
86 7
25 1
87 18
31 6
41 18
66 7
49 3
98 15
98 14
11 3
50 4
68 2
43 15
47 10
85 15
92 3
91 20
12 4
87 8
32 2
34 2
89 2
33 15
58 8
21 4
79 15
24 12
15 13
97 6
60 10
72 18
67 5
75 3
86 10
40 17
35 20
60 6
10 15
62 19
42 13
86 18
43 19
64 14
24 8
43 5
34 20
78 5
24 12
17 3
49 17
77 2
99 9
88 10
98 3
62 20
99 20
94 15
74 20
81 9
22 12
29 12
76 8
44 8
39 18
70 12
85 4
57 12
14 9
79 8
93 17
69 1
100 20
37 8
66 10
40 6
35 9
28 1
19 15
58 4
85 16
66 12
87 14
36 12
63 3
17 15
68 13
26 8
56 10
18 4
97 10
72 13
38 8
30 10
11 10
83 9
59 12
29 18
19 2
14 4
48 4
55 12
93 13
79 10
45 10
81 15
33 7
37 4
30 2
35 3
99 18
12 7
82 4
29 14
32 13
34 12
59 9
72 2
49 4
70 9
25 18
61 5
36 4
42 20
89 6
99 14
85 7
40 16
12 20
29 10
93 9
91 12
72 19
20 17
63 11
26 18
38 18
52 11
53 16
97 20
11 15
30 20
43 5
22 13
64 5
18 16
80 6
49 5
61 12
11 18
85 8
96 10
14 7
56 16
99 12
45 20
24 5
63 1
85 2
16 1
19 3
48 7
38 18
18 7
60 16
69 17
15 2
20 4
74 1
42 6
82 12
14 14
88 14
98 17
61 12
22 20
71 15
26 14
25 10
37 9
27 16
54 4
88 7
89 6
89 20
79 16
50 6
32 3
44 3
55 2
75 13
30 1
48 10
45 4
83 8
72 19
17 15
65 12
49 12
81 7
42 17
33 11
32 11
36 20
20 11
79 13
21 19
73 2
62 20
35 11
87 7
17 6
98 8
29 16
69 6
22 10
18 16
65 17
36 9
94 19
26 6
57 14
80 17
79 16
89 4
14 3
93 8
46 10
13 12
80 12
68 6
43 5
31 13
38 4
88 1
40 7
27 13
87 13
57 9
44 17
29 16
41 9
66 6
60 1
100 7
93 19
14 12
76 19
85 14
65 4
88 14
85 13
45 8
27 13
85 4
77 10
70 12
41 2
43 11
61 3
58 1
58 20
18 6
57 19
28 15
99 7
68 10
74 1
64 14
13 18
77 11
63 19
66 17
49 14
15 8
66 6
36 13
76 18
77 20
66 5
18 4
67 3
81 14
87 8
11 9
47 19
95 7
55 11
62 14
41 15
69 6
56 4
38 18
11 8
96 11
40 17
15 19
11 13
57 14
28 7
70 15
83 16
31 16
28 1
60 11
65 18
99 18
75 9
99 2
91 13
72 16
66 2
81 6
46 5
34 13
58 12
62 4
92 16
85 2
96 11
38 9
34 4
62 6
20 2
32 16
64 7
29 16
43 17
78 15
51 5
68 4
35 14
34 8
86 13
30 5
48 7
79 17
58 6
57 3
97 11
64 8
10 6
83 3
83 2
39 14
22 18
44 16
40 2
60 18
37 20
85 10
67 16
40 20
19 19
26 14
49 1
37 15
51 17
93 8
77 1
39 19
50 1
98 4
76 5
41 1
34 5
93 18
88 14
67 8
98 5
42 20
73 5
55 17
39 7
11 14
23 12
38 4
10 10
24 17
76 4
68 11
54 3
74 13
39 20
75 14
67 16
97 10
99 19
26 15
32 2
28 16
95 20
47 11
50 1
10 7
17 16
90 17
44 10
51 13
12 7
43 19
39 3
16 5
23 17
93 9
65 20
36 18
34 13
23 4
92 4
13 18
64 15
23 2
92 13
42 8
10 18
57 10
60 2
38 5
21 4
23 17
81 17
33 2
95 1
21 7
67 6
92 6
61 15
35 12
59 8
49 19
74 4
38 2
96 3
15 16
72 9
85 16
38 19
68 13
74 14
70 11
61 2
22 19
40 12
41 17
21 10
38 20
69 2
98 6
49 9
87 9
36 1
70 6
72 10
19 3
77 11
38 17
24 6
60 18
61 17
75 7
45 9
23 3
74 5
49 18
12 18
38 17
48 2
27 12
98 6
38 14
75 8
41 6
15 8
35 3
100 9
83 9
31 20
35 9
41 4
72 8
33 5
98 15
43 17
53 18
31 13
50 2
78 2
96 10
20 5
68 16
94 4
66 9
86 13
38 15
35 9
47 3
60 4
65 10
32 1
45 9
98 8
93 10
25 16
40 20
84 12
61 2
78 13
19 3
74 17
74 4
45 20
37 14
48 18
71 6
72 3
63 3
87 1
85 3
89 15
100 6
67 1
15 7
23 12
10 8
91 11
88 18
63 5
18 11
69 20
61 5
23 10
92 20
87 3
44 1
81 20
78 3
79 4
95 17
90 19
51 16
95 12
43 10
39 7
56 12
61 14
18 19
83 16
53 17
38 5
66 12
16 5
73 4
86 15
99 15
73 17
68 2
86 8
99 14
33 10
91 15
27 14
88 12
84 9
85 18
53 18
87 1
10 16
15 9
32 14
27 10
13 14
48 3
95 16
52 11
18 18
96 1
18 16
27 8
46 2
46 6
87 10
89 10
44 20
72 12
21 11
14 1
24 1
63 7
39 11
56 13
55 3
86 20
22 13
38 17
40 19
85 1
89 20
60 14
74 19
25 16
35 5
72 5
19 14
94 12
69 11
84 14
82 6
14 3
64 2
17 10
54 13
13 1
37 19
63 2
40 9
46 20
55 16
88 17
28 8
30 13
29 14
61 17
50 20
85 16
35 19
58 11
92 16
20 8
90 5
27 11
15 4
71 5
81 18
41 4
94 5
93 8
57 12
81 19
65 6
27 11
46 3
93 11
12 12
82 2
30 11
53 20
42 20
87 13
32 12
13 1
82 12
39 9
100 13
82 8
36 17
75 6
37 12
99 6
35 10
69 6
66 8
38 8
62 18
87 15
99 14
84 3
21 20
99 18
49 17
19 2
59 16
84 16
70 6
22 18
68 6
63 13
47 12
81 20
15 8
30 14
59 4
38 11
71 5
15 19
57 1
77 17
17 1
53 14
34 19
64 18
82 17
39 17
45 11
45 8
31 13
100 5
80 6
13 19
78 6
87 4
18 20
19 1
11 8
53 14
29 4
21 16
59 8
51 15
32 5
22 20
53 3
34 16
99 7
69 3
61 1
34 17
88 11
51 5
54 2
13 12
43 14
20 7
32 2
100 4
42 5
91 16
100 19
71 2
19 11
47 2
86 3
74 20
41 8
89 15
76 18
94 17
93 16
92 1
14 10
41 6
88 11
84 2
52 9
47 9
54 19
21 15
12 10
87 3
19 3
63 1
18 16
18 1
62 7
59 14
77 15
100 19
78 7
59 15
39 14
61 1
45 11
56 6
48 9
47 4
15 10
18 7
22 17
68 3
63 14
93 20
34 17
47 15
76 18
64 14
38 4
20 13
87 19
97 3
15 14
39 10
91 9
61 3
49 7
48 16
52 5
73 19
18 8
73 9
77 5
14 12
82 14
69 12
20 2
30 3
75 17
33 5
84 14
25 19
79 12
56 4
85 8
31 6
12 17
25 7
51 7
43 12
75 10
23 2
27 16
55 15
88 18
49 13
66 1
41 19
34 7
25 11
12 14
57 2
58 15
33 4
45 5
88 14
56 3
69 17
26 6
21 17
52 2
12 1
28 14
83 12
92 19
49 20
39 4
52 10
45 7
88 3
18 12
29 1
48 6
55 14
85 4
41 1
88 6
52 3
10 6
34 9
100 15
53 20
52 11
90 4
38 15
65 7
57 9
75 4
34 18
83 12
65 18
15 2
83 1
31 18
31 14
53 1
89 18
68 10
21 20
13 20
95 7
85 8
25 20
78 13
78 10
46 12
53 13
56 3
38 19
45 8
28 8
26 12
74 5
98 12
20 16
86 17
78 6
65 5
27 3
40 6
75 18
71 12
29 13
66 11
63 16
100 16
77 8
96 10
63 6
34 20
23 11
13 18
37 16
92 2
46 18
68 12
82 1
25 1
47 9
56 2
44 15
68 5
46 12
45 8
67 5
59 2
19 2
48 15
54 15
61 9
29 4
28 3
24 11
61 8
30 19
39 20
37 1
67 7
81 7
47 8
15 18
63 5
55 18
42 19
81 2
18 3
55 5
42 9
87 14
38 3
76 14
56 5
53 20
79 15
96 15
67 7
94 2
17 10
74 6
32 13
69 16
97 6
57 4
84 7
76 7
75 2
10 14
14 1
100 9
50 9
69 3
11 7
59 14
92 20
60 14
86 2
23 1
48 20
34 20
13 18
64 16
50 15
27 11
65 6
70 4
29 13
59 16
80 3
85 7
10 11
89 3
36 15
21 15
20 8
72 19
26 15
93 2
86 6
10 6
49 3
68 15
84 19
88 6
35 16
80 4
41 9
20 1
95 19
97 4
90 3
85 9
14 6
10 11
92 7
91 4
85 13
97 15
64 15
66 17
68 14
10 19
56 9
10 15
89 20
44 16
57 8
33 6
51 1
34 14
80 2
65 10
72 9
19 20
80 7
22 15
41 14
31 5
84 11
89 1
14 5
81 3
16 10
25 9
19 5
86 15
21 7
57 1
50 15
88 1
10 15
95 10
41 7
73 13
22 17
68 7
13 5
49 19
13 12
54 10
93 11
90 7
95 1
92 15
45 4
24 5
39 16
51 3
96 14
82 10
89 6
35 17
16 12
65 5
98 8
75 4
68 20
83 3
28 10
54 5
100 9
85 3
12 11
11 7
87 13
53 3
85 3
35 19
10 3
62 20
56 10
37 1
54 5
98 19
95 9
35 5
52 5
42 11
69 9
32 9
91 1
85 13
72 16
54 9
72 7
90 14
33 3
55 14
92 12
77 19
62 9
72 11
52 8
47 13
36 5
92 7
66 10
95 5
80 11
62 15
17 2
41 3
87 12
13 15
48 6
50 14
76 3
16 20
60 16
57 12
19 8
65 19
27 14
90 10
60 20
96 4
11 9
19 9
29 15
65 10
87 9
48 14
90 10
44 16
41 5
12 20
29 19
41 8
34 9
63 4
24 9
71 12
59 19
66 5
39 15
90 18
30 18
24 14
46 17
31 19
100 15
61 18
69 2
66 2
68 12
94 15
66 3
67 1
72 13
25 5
68 20
79 10
39 4
13 15
68 5
63 13
33 4
43 11
15 16
75 3
13 19
85 3
91 9
53 16
99 10
63 3
27 9
71 19
66 4
25 1
23 9
36 12
18 20
16 18
100 8
71 13
90 9
53 11
82 10
88 15
58 6
100 13
37 12
55 13
14 10
41 12
83 9
88 11
76 20
79 12
12 2
38 12
67 20
53 11
82 14
83 3
42 3
62 11
31 7
20 15
33 3
59 10
92 9
88 16
31 9
49 16
83 15
76 14
63 15
12 3
50 1
19 3
87 3
47 16
69 9
30 5
20 6
70 16
17 12
13 15
41 15
28 18
71 12
12 5
85 15
11 15
41 8
86 4
48 4
42 14
91 9
91 5
64 16
64 16
82 17
11 10
75 1
76 16
23 4
94 1
90 14
99 4
39 20
33 5
52 13
72 10
48 9
69 14
44 13
19 19
40 17
92 15
57 16
25 13
43 18
78 2
74 4
59 10
21 16
13 1
40 6
50 14
99 8
43 1
56 8
89 4
18 8
90 15
84 12
77 10
44 15
64 1
59 19
60 14
79 1
13 9
88 1
73 3
28 1
28 19
74 5
85 9
41 6
50 17
17 16
23 10
13 7
17 17
16 13
81 2
13 1
35 2
27 6
66 7
37 11
53 6
53 12
44 17
29 3
70 11
53 1
12 1
14 6
83 17
53 2
99 4
80 13
46 16
23 11
38 13
78 20
77 6
18 15
29 20
100 20
79 6
78 1
23 11
75 2
82 12
44 7
10 16
71 13
76 11
100 19
40 17
28 19
56 14
54 16
18 7
32 17
67 4
13 9
48 8
84 3
86 9
84 17
63 8
16 5
62 14
67 10
71 20
45 2
69 14
28 7
28 19
99 17
60 4
60 12
88 13
88 8
94 18
57 15
94 2
26 11
99 7
16 2
67 14
100 1
51 1
79 8
17 4
67 7
15 17
94 8
76 3
64 3
98 8
41 18
24 9
71 6
11 6
51 17
56 18
82 18
21 2
59 12
22 1
40 4
68 5
62 19
32 1
93 17
72 20
85 4
35 20
86 12
74 20
55 5
92 10
58 20
95 5
47 8
37 20
74 18
57 20
69 18
20 20
65 19
84 4
78 8
81 12
25 16
74 15
62 5
74 11
33 7
50 9
92 15
20 4
58 11
42 7
16 10
83 19
78 9
12 13
80 13
56 14
76 5
74 15
38 5
51 9
75 2
85 16
65 9
99 18
41 10
64 17
92 7
51 14
97 20
22 10
90 12
94 5
88 7
77 3
71 1
26 11
60 15
24 15
59 4
79 1
21 2
92 15
57 18
29 15
43 3
45 11
50 18
23 20
13 4
34 8
31 15
65 16
21 20
95 20
46 4
19 15
66 9
51 17
65 16
57 9
28 14
40 17
91 8
67 9
32 18
71 5
70 15
66 16
67 19
23 8
75 3
71 7
16 7
15 17
85 3
71 12
47 2
80 11
89 8
83 2
83 9
23 2
56 16
82 19
70 4
44 18
58 3
23 12
44 1
33 13
49 20
27 5
46 18
59 17
25 9
45 7
70 4
77 14
18 6
38 1
70 6
27 6
42 15
54 16
87 20
49 5
65 16
31 16
40 16
21 12
99 13
70 8
54 12
79 7
91 17
45 17
60 10
40 16
35 18
89 1
95 11
18 4
38 2
41 9
53 4
35 3
54 13
25 5
82 5
29 12
39 14
12 6
37 14
39 10
94 5
82 7
79 18
80 16
18 10
99 20
12 18
96 18
52 7
100 11
29 15
23 4
12 17
64 9
43 7
18 11
88 2
79 3
34 10
47 14
20 19
13 12
33 2
60 9
96 3
38 19
37 11
81 11
22 15
52 6
32 8
65 7
77 17
26 12
56 16
40 10
80 10
58 12
76 9
27 4
51 6
11 3
10 5
63 9
76 6
94 13
31 11
64 20
46 14
42 3
41 4
64 1
68 4
93 9
40 11
95 8
59 11
30 1
95 9
89 12
29 3
25 1
93 16
58 8
77 6
63 17
79 5
59 11
51 16
90 17
55 7
90 19
61 2
86 15
32 2
21 11
31 1
48 20
53 6
79 12
93 19
62 19
66 10
66 10
16 11
91 10
89 19
20 10
23 20
31 19
57 8
94 7
49 18
21 4
97 1
25 13
38 5
79 19
15 20
88 14
90 12
82 19
54 20
34 8
44 16
72 8
48 19
47 14
95 2
88 3
60 7
25 7
64 9
31 9
24 6
43 15
67 8
27 9
26 9
50 1
74 10
72 18
73 9
42 12
45 20
65 16
35 4
55 12
63 10
69 8
48 8
93 14
49 3
47 18
48 5
41 8
28 17
53 2
15 10
58 15
43 10
65 16
49 7
96 7
56 19
71 14
89 20
68 13
11 19
11 3
12 14
77 4
35 20
92 7
37 19
29 20
99 17
27 20
16 10
70 19
19 17
32 20
55 3
46 20
40 12
49 9
17 2
77 11
36 19
73 6
41 9
23 4
41 16
34 13
47 13
10 13
16 4
80 3
47 18
84 19
77 1
57 12
41 19
64 13
44 14
37 6
70 4
45 4
37 12
75 7
80 8
27 1
81 12
13 12
88 6
44 14
56 17
16 5
50 9
12 2
10 11
58 6
64 17
31 12
60 7
30 5
87 2
14 11
28 6
84 7
31 12
46 16
13 16
73 19
45 17
25 8
89 11
75 16
62 9
52 2
74 12
37 6
51 7
50 7
99 17
98 12
50 8
35 15
34 8
56 10
16 4
89 6
85 13
44 11
70 15
90 11
23 10
48 9
80 18
92 18
52 16
51 2
21 4
15 13
49 16
85 9
16 17
37 4
12 9
36 5
30 8
89 19
85 1
48 7
23 16
84 1
66 18
90 15
70 7
96 13
61 16
100 14
20 4
86 5
95 13
32 20
62 16
93 5
26 20
70 15
90 20
90 15
89 7
75 1
18 20
41 13
36 6
90 14
56 13
50 19
17 18
50 18
14 14
95 8
93 13
26 15
26 6
85 10
63 17
82 16
36 13
100 12
45 2
51 1
89 2
57 6
41 17
67 16
66 18
97 13
97 5
46 3
61 4
36 19
83 13
89 16
45 11
94 8
62 6
81 6
25 10
30 1
11 1
73 10
46 19
71 14
46 10
70 7
66 11
65 11
62 6
13 18
84 2
71 6
37 9
21 7
29 4
11 20
11 10
89 20
69 1
34 15
42 3
91 6
18 10
86 19
74 16
63 20
84 18
54 5
65 6
59 13
62 7
42 8
33 8
35 19
76 17
29 4
38 2
83 4
23 17
38 16
51 7
70 10
74 18
94 18
76 14
41 9
46 10
30 16
46 19
55 13
73 13
33 2
70 9
22 3
28 2
17 9
75 19
27 6
18 5
48 6
57 4
88 4
79 4
19 11
62 12
24 20
62 20
76 19
95 8
85 15
15 20
70 4
39 17
21 11
50 18
61 2
27 4
82 17
19 1
35 16
56 2
81 6
45 6
78 17
31 17
51 5
39 10
29 2
81 13
62 3
67 11
45 11
24 16
34 15
95 14
64 6
37 16
14 4
24 1
11 17
40 7
11 1
37 6
96 18
52 5
17 15
86 5
45 14
29 17
53 1
89 17
65 13
100 2
66 3
64 9
22 6
43 16
68 3
76 9
23 7
26 4
72 17
22 9
96 19
50 7
82 9
36 9
23 3
72 4
91 16
14 9
49 17
61 10
21 4
79 10
78 3
22 15
58 5
35 18
56 11
91 7
84 12
36 5
90 2
29 9
96 6
62 5
62 10
70 5
76 9
91 20
32 4
27 14
99 1
23 19
49 14
80 7
95 12
18 3
80 13
51 5
66 7
47 20
47 17
69 4
94 9
67 20
71 4
99 11
86 5
51 4
42 1
54 16
31 11
55 2
25 14
11 4
15 17
89 16
52 14
29 7
75 10
13 3
99 9
17 15
67 19
80 5
56 2
90 13
89 16
13 20
71 9
50 13
78 19
49 6
25 12
97 17
77 5
86 2
12 2
27 19
87 13
75 2
66 1
87 15
87 6
26 11
58 2
77 13
72 3
19 1
52 5
69 6
57 12
76 17
100 13
46 10
10 10
58 15
39 17
52 9
17 6
87 2
53 15
45 3
27 3
12 9
82 11
42 1
48 10
57 16
96 4
63 12
37 12
48 5
98 14
48 3
96 11
26 6
33 12
48 20
92 10
46 12
95 4
74 3
27 7
32 14
60 18
54 10
38 15
50 19
14 19
33 17
54 17
81 18
97 16
99 19
92 4
22 12
57 16
56 15
37 16
53 13
43 4
10 17
60 14
64 10
81 5
45 18
30 17
10 13
89 9
19 17
64 15
87 1
38 9
61 6
81 13
32 13
72 4
74 7
20 12
37 4
23 12
76 1
16 10
59 8
48 18
57 18
70 9
18 17
70 15
53 3
40 9
43 8
47 8
79 13
51 13
74 17
72 12
69 18
68 1
82 1
28 2
57 10
45 20
83 7
22 14
100 1
48 10
34 1
13 10
50 10
58 12
86 3
15 18
14 11
87 13
30 14
55 8
95 18
32 9
91 11
93 6
10 1
62 6
58 16
90 14
60 15
81 6
42 17
16 16
100 17
36 14
55 2
95 12
88 19
47 20
97 7
86 20
66 20
90 6
25 10
71 6
25 9
25 8
15 4
18 6
62 16
68 2
40 1
50 18
59 1
69 2
76 4
79 8
84 4
80 3
26 19
63 17
12 19
90 7
44 5
67 20
83 3
26 12
37 15
65 12
73 18
93 12
96 2
84 6
21 4
62 11
97 15
71 17
91 6
84 18
65 2
70 16
98 11
63 16
74 5
64 16
55 12
72 9
83 15
53 1
93 12
91 16
47 2
45 6
49 20
92 5
54 17
25 12
13 15
78 3
79 4
49 9
44 8
17 9
84 3
95 9
86 10
22 9
98 9
41 13
74 11
70 11
11 4
46 6
75 20
13 12
81 15
61 9
29 2
27 14
86 13
63 20
35 12
54 17
35 18
86 1
40 15
52 1
40 5
65 9
79 20
45 14
56 13
24 16
32 11
65 15
92 5
13 1
47 14
26 14
47 17
46 13
94 19
22 7
11 5
76 20
17 4
49 2
32 7
97 15
49 13
68 13
95 17
97 11
93 3
75 2
83 6
82 19
69 15
34 16
35 1
10 14
54 11
19 9
54 19
28 12
14 13
41 13
55 11
93 19
97 4
12 11
94 9
29 18
85 5
66 12
88 13
35 18
79 14
31 3
31 9
98 15
18 8
25 12
57 5
18 4
21 15
61 10
53 19
88 12
32 8
41 19
74 3
41 18
74 11
80 3
43 15
12 8
40 20
58 18
48 19
15 10
90 14
32 9
31 4
62 4
14 4
16 8
30 19
15 15
37 11
55 9
39 18
65 15
52 4
52 13
21 6
63 11
54 14
21 20
48 1
29 6
39 7
42 10
88 8
17 9
99 16
37 17
98 18
33 18
94 19
54 9
56 11
30 2
27 20
62 10
95 20
68 14
71 13
17 18
57 2
72 5
18 17
75 17
60 8
32 18
86 5
43 1
89 16
54 1
59 12
29 16
14 9
91 3
95 14
95 11
90 9
80 5
18 7
20 15
85 11
88 11
42 17
53 14
39 7
94 14
70 13
86 15
57 20
89 19
41 20
21 11
34 8
62 20
10 5
15 20
98 10
56 7
50 5
95 19
73 13
15 1
98 16
70 19
69 3
90 4
14 10
27 9
100 15
25 6
81 10
43 9
71 4
63 19
44 20
80 16
83 15
35 4
49 5
23 9
27 1
21 12
41 3
39 2
10 12
32 7
12 14
29 15
50 17
66 1
68 19
83 1
39 3
20 18
57 3
84 4
14 11
39 12
22 3
22 17
49 13
91 2
80 14
59 4
19 18
84 19
10 6
95 15
67 6
83 19
30 4
73 12
12 6
17 17
23 13
19 15
79 2
52 20
61 14
30 14
15 17
10 15
20 5
67 16
58 19
62 13
26 1
30 14
54 4
13 6
34 12
84 2
33 4
24 8
88 9
91 10
50 2
89 16
32 19
65 1
61 12
59 2
16 1
34 17
44 17
16 1
60 6
91 1
92 16
33 14
50 11
42 19
74 10
91 6
36 18
38 18
44 19
84 20
61 14
17 7
58 9
99 15
15 2
98 9
55 3
72 9
61 17
60 10
80 2
55 8
43 10
23 7
83 18
66 16
25 7
57 16
21 2
83 4
17 11
27 8
14 4
61 6
29 4
100 4
26 2
16 18
75 2
46 5
75 4
87 3
31 4
14 16
40 16
81 19
65 8
20 20
15 15
93 19
91 17
50 6
85 9
61 17
94 7
53 14
53 1
68 11
55 3
29 15
21 20
99 19
72 1
35 14
53 19
16 5
85 20
74 20
31 16
48 13
16 14
65 14
25 1
31 20
17 16
17 2
45 7
72 16
41 12
17 18
74 4
40 20
80 8
23 5
27 4
50 4
24 3
36 17
31 12
57 18
69 9
29 3
79 4
31 5
52 20
91 7
74 20
91 3
60 20
40 14
89 18
10 5
71 19
100 4
47 6
37 8
13 1
82 14
61 6
28 17
89 14
13 3
74 6
82 13
76 6
99 15
98 7
78 1
55 5
77 11
37 1
93 13
63 2
61 14
27 5
40 5
87 9
16 12
93 9
67 6
96 3
46 15
57 20
34 4
84 2
90 12
35 8
76 6
22 18
51 16
46 11
20 3
86 16
81 10
71 3
20 16
60 19
74 13
10 3
81 13
18 10
30 1
74 8
78 10
91 10
76 12
18 14
88 3